# BinNR microsec tot-time (s)  O-Beam H-beam AUX Ampl(V) f(Hz) phase(deg) chi(pos)
0 0.00 1200.00 195 929 509 5.313 2000.000 0.000 1.362
1 25.00 1200.00 142 703 632 5.313 2000.000 0.000 1.362
2 50.00 1200.00 124 664 561 5.313 2000.000 0.000 1.362
3 75.00 1200.00 139 791 363 5.313 2000.000 0.000 1.362
4 100.00 1200.00 180 997 279 5.313 2000.000 0.000 1.362
5 125.00 1200.00 256 1140 177 5.313 2000.000 0.000 1.362
6 150.00 1200.00 315 1334 143 5.313 2000.000 0.000 1.362
7 175.00 1200.00 301 1398 136 5.313 2000.000 0.000 1.362
8 200.00 1200.00 215 1365 139 5.313 2000.000 0.000 1.362
9 225.00 1200.00 190 1287 241 5.313 2000.000 0.000 1.362
10 250.00 1200.00 102 1151 339 5.313 2000.000 0.000 1.362
11 275.00 1200.00 87 950 527 5.313 2000.000 0.000 1.362
12 300.00 1200.00 67 721 564 5.313 2000.000 0.000 1.362
13 325.00 1200.00 76 656 608 5.313 2000.000 0.000 1.362
14 350.00 1200.00 115 742 446 5.313 2000.000 0.000 1.362
15 375.00 1200.00 162 899 323 5.313 2000.000 0.000 1.362
16 400.00 1200.00 230 1045 277 5.313 2000.000 0.000 1.362
17 425.00 1200.00 305 1117 239 5.313 2000.000 0.000 1.362
18 450.00 1200.00 287 1242 302 5.313 2000.000 0.000 1.362
19 475.00 1200.00 234 1048 387 5.313 2000.000 0.000 1.362
20 500.00 1200.00 219 900 520 5.313 2000.000 0.000 1.362
21 525.00 1200.00 165 714 604 5.313 2000.000 0.000 1.362
22 550.00 1200.00 128 617 581 5.313 2000.000 0.000 1.362
23 575.00 1200.00 152 772 421 5.313 2000.000 0.000 1.362
24 600.00 1200.00 168 991 257 5.313 2000.000 0.000 1.362
25 625.00 1200.00 265 1093 151 5.313 2000.000 0.000 1.362
26 650.00 1200.00 292 1299 130 5.313 2000.000 0.000 1.362
27 675.00 1200.00 299 1298 121 5.313 2000.000 0.000 1.362
28 700.00 1200.00 246 1346 140 5.313 2000.000 0.000 1.362
29 725.00 1200.00 156 1277 216 5.313 2000.000 0.000 1.362
30 750.00 1200.00 106 1141 345 5.313 2000.000 0.000 1.362
31 775.00 1200.00 88 893 530 5.313 2000.000 0.000 1.362
32 800.00 1200.00 66 741 551 5.313 2000.000 0.000 1.362
33 825.00 1200.00 72 639 556 5.313 2000.000 0.000 1.362
34 850.00 1200.00 104 692 437 5.313 2000.000 0.000 1.362
35 875.00 1200.00 154 913 326 5.313 2000.000 0.000 1.362
36 900.00 1200.00 233 1045 252 5.313 2000.000 0.000 1.362
37 925.00 1200.00 296 1195 257 5.313 2000.000 0.000 1.362
38 950.00 1200.00 350 1142 296 5.313 2000.000 0.000 1.362
39 975.00 1200.00 252 1014 412 5.313 2000.000 0.000 1.362
