# BinNR microsec tot-time (s)  O-Beam H-beam AUX Ampl1(V) f1(Hz) phase1(deg) Ampl1(V) f1(Hz) phase1(deg) chi(pos)
0 0.00 1200.00 50 178 122 0.850 2000.000 0.000 0.850 3000.000 0.000 -1.208
1 16.67 1200.00 48 162 108 0.850 2000.000 0.000 0.850 3000.000 0.000 -1.208
2 33.33 1200.00 52 172 96 0.850 2000.000 0.000 0.850 3000.000 0.000 -1.208
3 50.00 1200.00 54 186 113 0.850 2000.000 0.000 0.850 3000.000 0.000 -1.208
4 66.67 1200.00 46 173 109 0.850 2000.000 0.000 0.850 3000.000 0.000 -1.208
5 83.33 1200.00 44 170 109 0.850 2000.000 0.000 0.850 3000.000 0.000 -1.208
6 100.00 1200.00 40 212 139 0.850 2000.000 0.000 0.850 3000.000 0.000 -1.208
7 116.67 1200.00 36 203 86 0.850 2000.000 0.000 0.850 3000.000 0.000 -1.208
8 133.33 1200.00 32 180 104 0.850 2000.000 0.000 0.850 3000.000 0.000 -1.208
9 150.00 1200.00 44 209 115 0.850 2000.000 0.000 0.850 3000.000 0.000 -1.208
10 166.67 1200.00 47 157 101 0.850 2000.000 0.000 0.850 3000.000 0.000 -1.208
11 183.33 1200.00 34 173 99 0.850 2000.000 0.000 0.850 3000.000 0.000 -1.208
12 200.00 1200.00 23 181 103 0.850 2000.000 0.000 0.850 3000.000 0.000 -1.208
13 216.67 1200.00 45 185 110 0.850 2000.000 0.000 0.850 3000.000 0.000 -1.208
14 233.33 1200.00 42 202 102 0.850 2000.000 0.000 0.850 3000.000 0.000 -1.208
15 250.00 1200.00 40 178 117 0.850 2000.000 0.000 0.850 3000.000 0.000 -1.208
16 266.67 1200.00 39 157 109 0.850 2000.000 0.000 0.850 3000.000 0.000 -1.208
17 283.33 1200.00 28 168 127 0.850 2000.000 0.000 0.850 3000.000 0.000 -1.208
18 300.00 1200.00 34 191 108 0.850 2000.000 0.000 0.850 3000.000 0.000 -1.208
19 316.67 1200.00 38 170 107 0.850 2000.000 0.000 0.850 3000.000 0.000 -1.208
20 333.33 1200.00 41 163 106 0.850 2000.000 0.000 0.850 3000.000 0.000 -1.208
21 350.00 1200.00 40 168 131 0.850 2000.000 0.000 0.850 3000.000 0.000 -1.208
22 366.67 1200.00 39 167 117 0.850 2000.000 0.000 0.850 3000.000 0.000 -1.208
23 383.33 1200.00 45 180 113 0.850 2000.000 0.000 0.850 3000.000 0.000 -1.208
24 400.00 1200.00 43 166 103 0.850 2000.000 0.000 0.850 3000.000 0.000 -1.208
25 416.67 1200.00 40 181 105 0.850 2000.000 0.000 0.850 3000.000 0.000 -1.208
26 433.33 1200.00 39 156 96 0.850 2000.000 0.000 0.850 3000.000 0.000 -1.208
27 450.00 1200.00 39 172 99 0.850 2000.000 0.000 0.850 3000.000 0.000 -1.208
28 466.67 1200.00 51 169 92 0.850 2000.000 0.000 0.850 3000.000 0.000 -1.208
29 483.33 1200.00 49 161 97 0.850 2000.000 0.000 0.850 3000.000 0.000 -1.208
30 500.00 1200.00 42 162 91 0.850 2000.000 0.000 0.850 3000.000 0.000 -1.208
31 516.67 1200.00 45 181 89 0.850 2000.000 0.000 0.850 3000.000 0.000 -1.208
32 533.33 1200.00 40 149 87 0.850 2000.000 0.000 0.850 3000.000 0.000 -1.208
33 550.00 1200.00 54 182 108 0.850 2000.000 0.000 0.850 3000.000 0.000 -1.208
34 566.67 1200.00 40 194 99 0.850 2000.000 0.000 0.850 3000.000 0.000 -1.208
35 583.33 1200.00 36 170 100 0.850 2000.000 0.000 0.850 3000.000 0.000 -1.208
36 600.00 1200.00 44 188 107 0.850 2000.000 0.000 0.850 3000.000 0.000 -1.208
37 616.67 1200.00 47 179 121 0.850 2000.000 0.000 0.850 3000.000 0.000 -1.208
38 633.33 1200.00 41 176 109 0.850 2000.000 0.000 0.850 3000.000 0.000 -1.208
39 650.00 1200.00 39 203 122 0.850 2000.000 0.000 0.850 3000.000 0.000 -1.208
40 666.67 1200.00 46 198 101 0.850 2000.000 0.000 0.850 3000.000 0.000 -1.208
41 683.33 1200.00 45 200 100 0.850 2000.000 0.000 0.850 3000.000 0.000 -1.208
42 700.00 1200.00 41 213 112 0.850 2000.000 0.000 0.850 3000.000 0.000 -1.208
43 716.67 1200.00 27 193 123 0.850 2000.000 0.000 0.850 3000.000 0.000 -1.208
44 733.33 1200.00 45 207 92 0.850 2000.000 0.000 0.850 3000.000 0.000 -1.208
45 750.00 1200.00 58 203 85 0.850 2000.000 0.000 0.850 3000.000 0.000 -1.208
46 766.67 1200.00 44 194 128 0.850 2000.000 0.000 0.850 3000.000 0.000 -1.208
47 783.33 1200.00 41 170 121 0.850 2000.000 0.000 0.850 3000.000 0.000 -1.208
48 800.00 1200.00 48 182 113 0.850 2000.000 0.000 0.850 3000.000 0.000 -1.208
49 816.67 1200.00 44 174 134 0.850 2000.000 0.000 0.850 3000.000 0.000 -1.208
50 833.34 1200.00 42 164 82 0.850 2000.000 0.000 0.850 3000.000 0.000 -1.208
51 850.00 1200.00 45 183 108 0.850 2000.000 0.000 0.850 3000.000 0.000 -1.208
52 866.67 1200.00 41 190 101 0.850 2000.000 0.000 0.850 3000.000 0.000 -1.208
53 883.34 1200.00 47 209 84 0.850 2000.000 0.000 0.850 3000.000 0.000 -1.208
54 900.00 1200.00 49 170 93 0.850 2000.000 0.000 0.850 3000.000 0.000 -1.208
55 916.67 1200.00 51 166 96 0.850 2000.000 0.000 0.850 3000.000 0.000 -1.208
56 933.34 1200.00 50 175 99 0.850 2000.000 0.000 0.850 3000.000 0.000 -1.208
57 950.00 1200.00 45 176 103 0.850 2000.000 0.000 0.850 3000.000 0.000 -1.208
58 966.67 1200.00 38 162 106 0.850 2000.000 0.000 0.850 3000.000 0.000 -1.208
59 983.34 1200.00 47 180 94 0.850 2000.000 0.000 0.850 3000.000 0.000 -1.208
60 1000.00 1200.00 44 168 115 0.850 2000.000 0.000 0.850 3000.000 0.000 -1.208
61 1016.67 1200.00 54 146 109 0.850 2000.000 0.000 0.850 3000.000 0.000 -1.208
62 1033.34 1200.00 48 187 120 0.850 2000.000 0.000 0.850 3000.000 0.000 -1.208
63 1050.00 1200.00 50 181 126 0.850 2000.000 0.000 0.850 3000.000 0.000 -1.208
64 1066.67 1200.00 60 186 106 0.850 2000.000 0.000 0.850 3000.000 0.000 -1.208
65 1083.34 1200.00 33 210 100 0.850 2000.000 0.000 0.850 3000.000 0.000 -1.208
66 1100.00 1200.00 46 176 122 0.850 2000.000 0.000 0.850 3000.000 0.000 -1.208
67 1116.67 1200.00 41 230 120 0.850 2000.000 0.000 0.850 3000.000 0.000 -1.208
68 1133.34 1200.00 40 175 106 0.850 2000.000 0.000 0.850 3000.000 0.000 -1.208
69 1150.00 1200.00 36 176 124 0.850 2000.000 0.000 0.850 3000.000 0.000 -1.208
70 1166.67 1200.00 28 206 113 0.850 2000.000 0.000 0.850 3000.000 0.000 -1.208
71 1183.34 1200.00 44 176 123 0.850 2000.000 0.000 0.850 3000.000 0.000 -1.208
72 1200.00 1200.00 27 156 127 0.850 2000.000 0.000 0.850 3000.000 0.000 -1.208
73 1216.67 1200.00 25 170 114 0.850 2000.000 0.000 0.850 3000.000 0.000 -1.208
74 1233.34 1200.00 37 175 113 0.850 2000.000 0.000 0.850 3000.000 0.000 -1.208
75 1250.00 1200.00 30 153 127 0.850 2000.000 0.000 0.850 3000.000 0.000 -1.208
76 1266.67 1200.00 51 183 83 0.850 2000.000 0.000 0.850 3000.000 0.000 -1.208
77 1283.34 1200.00 38 153 111 0.850 2000.000 0.000 0.850 3000.000 0.000 -1.208
78 1300.00 1200.00 49 168 102 0.850 2000.000 0.000 0.850 3000.000 0.000 -1.208
79 1316.67 1200.00 52 152 108 0.850 2000.000 0.000 0.850 3000.000 0.000 -1.208
80 1333.34 1200.00 37 180 127 0.850 2000.000 0.000 0.850 3000.000 0.000 -1.208
81 1350.00 1200.00 35 182 106 0.850 2000.000 0.000 0.850 3000.000 0.000 -1.208
82 1366.67 1200.00 40 185 106 0.850 2000.000 0.000 0.850 3000.000 0.000 -1.208
83 1383.34 1200.00 38 171 110 0.850 2000.000 0.000 0.850 3000.000 0.000 -1.208
84 1400.00 1200.00 31 194 121 0.850 2000.000 0.000 0.850 3000.000 0.000 -1.208
85 1416.67 1200.00 45 173 121 0.850 2000.000 0.000 0.850 3000.000 0.000 -1.208
86 1433.34 1200.00 46 177 86 0.850 2000.000 0.000 0.850 3000.000 0.000 -1.208
87 1450.00 1200.00 37 161 88 0.850 2000.000 0.000 0.850 3000.000 0.000 -1.208
88 1466.67 1200.00 40 174 91 0.850 2000.000 0.000 0.850 3000.000 0.000 -1.208
89 1483.34 1200.00 55 184 86 0.850 2000.000 0.000 0.850 3000.000 0.000 -1.208
90 1500.00 1200.00 51 185 109 0.850 2000.000 0.000 0.850 3000.000 0.000 -1.208
91 1516.67 1200.00 49 150 99 0.850 2000.000 0.000 0.850 3000.000 0.000 -1.208
92 1533.34 1200.00 43 162 88 0.850 2000.000 0.000 0.850 3000.000 0.000 -1.208
93 1550.00 1200.00 54 186 111 0.850 2000.000 0.000 0.850 3000.000 0.000 -1.208
94 1566.67 1200.00 40 191 99 0.850 2000.000 0.000 0.850 3000.000 0.000 -1.208
95 1583.34 1200.00 41 183 123 0.850 2000.000 0.000 0.850 3000.000 0.000 -1.208
96 1600.00 1200.00 40 175 108 0.850 2000.000 0.000 0.850 3000.000 0.000 -1.208
97 1616.67 1200.00 35 196 78 0.850 2000.000 0.000 0.850 3000.000 0.000 -1.208
98 1633.34 1200.00 50 183 103 0.850 2000.000 0.000 0.850 3000.000 0.000 -1.208
99 1650.00 1200.00 36 165 127 0.850 2000.000 0.000 0.850 3000.000 0.000 -1.208
100 1666.67 1200.00 50 167 104 0.850 2000.000 0.000 0.850 3000.000 0.000 -1.208
101 1683.34 1200.00 43 185 117 0.850 2000.000 0.000 0.850 3000.000 0.000 -1.208
102 1700.00 1200.00 44 190 117 0.850 2000.000 0.000 0.850 3000.000 0.000 -1.208
103 1716.67 1200.00 52 190 100 0.850 2000.000 0.000 0.850 3000.000 0.000 -1.208
104 1733.34 1200.00 50 193 84 0.850 2000.000 0.000 0.850 3000.000 0.000 -1.208
105 1750.00 1200.00 54 179 122 0.850 2000.000 0.000 0.850 3000.000 0.000 -1.208
106 1766.67 1200.00 53 202 112 0.850 2000.000 0.000 0.850 3000.000 0.000 -1.208
107 1783.34 1200.00 35 190 109 0.850 2000.000 0.000 0.850 3000.000 0.000 -1.208
108 1800.00 1200.00 46 173 94 0.850 2000.000 0.000 0.850 3000.000 0.000 -1.208
109 1816.67 1200.00 52 178 101 0.850 2000.000 0.000 0.850 3000.000 0.000 -1.208
110 1833.34 1200.00 34 194 111 0.850 2000.000 0.000 0.850 3000.000 0.000 -1.208
111 1850.00 1200.00 40 185 107 0.850 2000.000 0.000 0.850 3000.000 0.000 -1.208
112 1866.67 1200.00 46 210 101 0.850 2000.000 0.000 0.850 3000.000 0.000 -1.208
113 1883.34 1200.00 49 183 96 0.850 2000.000 0.000 0.850 3000.000 0.000 -1.208
114 1900.00 1200.00 35 167 121 0.850 2000.000 0.000 0.850 3000.000 0.000 -1.208
115 1916.67 1200.00 45 178 120 0.850 2000.000 0.000 0.850 3000.000 0.000 -1.208
116 1933.34 1200.00 39 176 108 0.850 2000.000 0.000 0.850 3000.000 0.000 -1.208
117 1950.00 1200.00 47 167 107 0.850 2000.000 0.000 0.850 3000.000 0.000 -1.208
118 1966.67 1200.00 45 156 110 0.850 2000.000 0.000 0.850 3000.000 0.000 -1.208
119 1983.34 1200.00 56 159 106 0.850 2000.000 0.000 0.850 3000.000 0.000 -1.208
