# BinNR microsec tot-time (s)  O-Beam H-beam AUX Ampl(V) f(Hz) phase(deg) chi(pos)
0 0.00 1200.00 269 2512 1311 3.400 2000.000 0.000 0.923
1 50.00 1200.00 470 1755 1007 3.400 2000.000 0.000 0.923
2 100.00 1200.00 511 1433 515 3.400 2000.000 0.000 0.923
3 150.00 1200.00 530 1365 254 3.400 2000.000 0.000 0.923
4 200.00 1200.00 505 1388 265 3.400 2000.000 0.000 0.923
5 250.00 1200.00 430 1590 346 3.400 2000.000 0.000 0.923
6 300.00 1200.00 280 2431 783 3.400 2000.000 0.000 0.923
7 350.00 1200.00 135 2915 1227 3.400 2000.000 0.000 0.923
8 400.00 1200.00 119 3030 1366 3.400 2000.000 0.000 0.923
9 450.00 1200.00 134 2924 1326 3.400 2000.000 0.000 0.923
10 500.00 1200.00 261 2449 1325 3.400 2000.000 0.000 0.923
11 550.00 1200.00 421 1742 999 3.400 2000.000 0.000 0.923
12 600.00 1200.00 495 1299 499 3.400 2000.000 0.000 0.923
13 650.00 1200.00 512 1389 246 3.400 2000.000 0.000 0.923
14 700.00 1200.00 544 1372 235 3.400 2000.000 0.000 0.923
15 750.00 1200.00 408 1643 367 3.400 2000.000 0.000 0.923
16 800.00 1200.00 256 2319 833 3.400 2000.000 0.000 0.923
17 850.00 1200.00 135 2896 1264 3.400 2000.000 0.000 0.923
18 900.00 1200.00 113 3101 1350 3.400 2000.000 0.000 0.923
19 950.00 1200.00 142 3001 1343 3.400 2000.000 0.000 0.923
