# BinNR microsec tot-time (s)  O-Beam H-beam AUX Ampl(V) f(Hz) phase(deg) chi(pos)
0 0.00 1200.00 195 885 4 5.155 2000.000 0.000 -0.505
1 25.00 1200.00 246 843 2 5.155 2000.000 0.000 -0.505
2 50.00 1200.00 225 765 2 5.155 2000.000 0.000 -0.505
3 75.00 1200.00 209 660 3 5.155 2000.000 0.000 -0.505
4 100.00 1200.00 165 573 1 5.155 2000.000 0.000 -0.505
5 125.00 1200.00 140 570 3 5.155 2000.000 0.000 -0.505
6 150.00 1200.00 221 597 1 5.155 2000.000 0.000 -0.505
7 175.00 1200.00 322 558 4 5.155 2000.000 0.000 -0.505
8 200.00 1200.00 435 569 5 5.155 2000.000 0.000 -0.505
9 225.00 1200.00 516 588 5 5.155 2000.000 0.000 -0.505
10 250.00 1200.00 465 545 4 5.155 2000.000 0.000 -0.505
11 275.00 1200.00 420 646 2 5.155 2000.000 0.000 -0.505
12 300.00 1200.00 474 770 2 5.155 2000.000 0.000 -0.505
13 325.00 1200.00 490 901 4 5.155 2000.000 0.000 -0.505
14 350.00 1200.00 469 865 7 5.155 2000.000 0.000 -0.505
15 375.00 1200.00 496 944 1 5.155 2000.000 0.000 -0.505
16 400.00 1200.00 328 814 1 5.155 2000.000 0.000 -0.505
17 425.00 1200.00 252 837 2 5.155 2000.000 0.000 -0.505
18 450.00 1200.00 209 773 4 5.155 2000.000 0.000 -0.505
19 475.00 1200.00 169 909 1 5.155 2000.000 0.000 -0.505
20 500.00 1200.00 199 948 1 5.155 2000.000 0.000 -0.505
21 525.00 1200.00 224 831 2 5.155 2000.000 0.000 -0.505
22 550.00 1200.00 218 723 1 5.155 2000.000 0.000 -0.505
23 575.00 1200.00 222 671 4 5.155 2000.000 0.000 -0.505
24 600.00 1200.00 174 575 1 5.155 2000.000 0.000 -0.505
25 625.00 1200.00 145 574 3 5.155 2000.000 0.000 -0.505
26 650.00 1200.00 192 621 2 5.155 2000.000 0.000 -0.505
27 675.00 1200.00 308 566 2 5.155 2000.000 0.000 -0.505
28 700.00 1200.00 426 588 4 5.155 2000.000 0.000 -0.505
29 725.00 1200.00 467 580 4 5.155 2000.000 0.000 -0.505
30 750.00 1200.00 477 542 2 5.155 2000.000 0.000 -0.505
31 775.00 1200.00 461 650 3 5.155 2000.000 0.000 -0.505
32 800.00 1200.00 455 702 5 5.155 2000.000 0.000 -0.505
33 825.00 1200.00 500 863 1 5.155 2000.000 0.000 -0.505
34 850.00 1200.00 501 875 5 5.155 2000.000 0.000 -0.505
35 875.00 1200.00 450 907 3 5.155 2000.000 0.000 -0.505
36 900.00 1200.00 372 825 4 5.155 2000.000 0.000 -0.505
37 925.00 1200.00 231 786 4 5.155 2000.000 0.000 -0.505
38 950.00 1200.00 156 810 5 5.155 2000.000 0.000 -0.505
39 975.00 1200.00 166 885 4 5.155 2000.000 0.000 -0.505
