# BinNR microsec tot-time (s)  O-Beam AUX Ampl(V) f(Hz) phase(deg) chi(pos)
0 0.00 1200.00 106 293 1.100 10000.000 0.000 0.890
1 3.00 1200.00 201 604 1.100 10000.000 0.000 0.890
2 6.00 1200.00 218 599 1.100 10000.000 0.000 0.890
3 9.00 1200.00 201 578 1.100 10000.000 0.000 0.890
4 12.00 1200.00 191 637 1.100 10000.000 0.000 0.890
5 15.00 1200.00 178 616 1.100 10000.000 0.000 0.890
6 18.00 1200.00 218 567 1.100 10000.000 0.000 0.890
7 21.00 1200.00 197 585 1.100 10000.000 0.000 0.890
8 24.00 1200.00 186 629 1.100 10000.000 0.000 0.890
9 27.00 1200.00 213 571 1.100 10000.000 0.000 0.890
10 30.00 1200.00 184 568 1.100 10000.000 0.000 0.890
11 33.00 1200.00 175 583 1.100 10000.000 0.000 0.890
12 36.00 1200.00 189 576 1.100 10000.000 0.000 0.890
13 39.00 1200.00 161 582 1.100 10000.000 0.000 0.890
14 42.00 1200.00 191 571 1.100 10000.000 0.000 0.890
15 45.00 1200.00 171 552 1.100 10000.000 0.000 0.890
16 48.00 1200.00 167 567 1.100 10000.000 0.000 0.890
17 51.00 1200.00 163 554 1.100 10000.000 0.000 0.890
18 54.00 1200.00 188 549 1.100 10000.000 0.000 0.890
19 57.00 1200.00 170 540 1.100 10000.000 0.000 0.890
20 60.00 1200.00 168 524 1.100 10000.000 0.000 0.890
21 63.00 1200.00 157 556 1.100 10000.000 0.000 0.890
22 66.00 1200.00 152 540 1.100 10000.000 0.000 0.890
23 69.00 1200.00 172 543 1.100 10000.000 0.000 0.890
24 72.00 1200.00 176 535 1.100 10000.000 0.000 0.890
25 75.00 1200.00 185 546 1.100 10000.000 0.000 0.890
26 78.00 1200.00 207 548 1.100 10000.000 0.000 0.890
27 81.00 1200.00 173 519 1.100 10000.000 0.000 0.890
28 84.00 1200.00 193 572 1.100 10000.000 0.000 0.890
29 87.00 1200.00 174 565 1.100 10000.000 0.000 0.890
30 90.00 1200.00 197 577 1.100 10000.000 0.000 0.890
31 93.00 1200.00 182 589 1.100 10000.000 0.000 0.890
32 96.00 1200.00 189 607 1.100 10000.000 0.000 0.890
33 99.00 1200.00 177 593 1.100 10000.000 0.000 0.890
34 102.00 1200.00 179 648 1.100 10000.000 0.000 0.890
35 105.00 1200.00 189 599 1.100 10000.000 0.000 0.890
36 108.00 1200.00 175 631 1.100 10000.000 0.000 0.890
37 111.00 1200.00 207 594 1.100 10000.000 0.000 0.890
38 114.00 1200.00 197 601 1.100 10000.000 0.000 0.890
39 117.00 1200.00 213 618 1.100 10000.000 0.000 0.890
40 120.00 1200.00 189 598 1.100 10000.000 0.000 0.890
41 123.00 1200.00 189 586 1.100 10000.000 0.000 0.890
42 126.00 1200.00 190 626 1.100 10000.000 0.000 0.890
43 129.00 1200.00 182 578 1.100 10000.000 0.000 0.890
44 132.00 1200.00 183 594 1.100 10000.000 0.000 0.890
45 135.00 1200.00 177 582 1.100 10000.000 0.000 0.890
46 138.00 1200.00 160 598 1.100 10000.000 0.000 0.890
47 141.00 1200.00 157 565 1.100 10000.000 0.000 0.890
48 144.00 1200.00 172 554 1.100 10000.000 0.000 0.890
49 147.00 1200.00 162 511 1.100 10000.000 0.000 0.890
50 150.00 1200.00 180 531 1.100 10000.000 0.000 0.890
51 153.00 1200.00 164 540 1.100 10000.000 0.000 0.890
52 156.00 1200.00 176 540 1.100 10000.000 0.000 0.890
53 159.00 1200.00 196 515 1.100 10000.000 0.000 0.890
54 162.00 1200.00 177 557 1.100 10000.000 0.000 0.890
55 165.00 1200.00 183 564 1.100 10000.000 0.000 0.890
56 168.00 1200.00 160 538 1.100 10000.000 0.000 0.890
57 171.00 1200.00 181 515 1.100 10000.000 0.000 0.890
58 174.00 1200.00 178 532 1.100 10000.000 0.000 0.890
59 177.00 1200.00 201 564 1.100 10000.000 0.000 0.890
60 180.00 1200.00 179 552 1.100 10000.000 0.000 0.890
61 183.00 1200.00 178 582 1.100 10000.000 0.000 0.890
62 186.00 1200.00 183 565 1.100 10000.000 0.000 0.890
63 189.00 1200.00 198 617 1.100 10000.000 0.000 0.890
64 192.00 1200.00 206 544 1.100 10000.000 0.000 0.890
65 195.00 1200.00 182 524 1.100 10000.000 0.000 0.890
66 198.00 1200.00 181 637 1.100 10000.000 0.000 0.890
67 201.00 1200.00 209 554 1.100 10000.000 0.000 0.890
68 204.00 1200.00 220 596 1.100 10000.000 0.000 0.890
69 207.00 1200.00 191 578 1.100 10000.000 0.000 0.890
70 210.00 1200.00 187 634 1.100 10000.000 0.000 0.890
71 213.00 1200.00 215 611 1.100 10000.000 0.000 0.890
72 216.00 1200.00 206 599 1.100 10000.000 0.000 0.890
73 219.00 1200.00 179 555 1.100 10000.000 0.000 0.890
74 222.00 1200.00 189 599 1.100 10000.000 0.000 0.890
75 225.00 1200.00 199 569 1.100 10000.000 0.000 0.890
76 228.00 1200.00 200 579 1.100 10000.000 0.000 0.890
77 231.00 1200.00 189 592 1.100 10000.000 0.000 0.890
78 234.00 1200.00 170 551 1.100 10000.000 0.000 0.890
79 237.00 1200.00 171 566 1.100 10000.000 0.000 0.890
80 240.00 1200.00 171 509 1.100 10000.000 0.000 0.890
81 243.00 1200.00 186 552 1.100 10000.000 0.000 0.890
82 246.00 1200.00 202 574 1.100 10000.000 0.000 0.890
83 249.00 1200.00 175 562 1.100 10000.000 0.000 0.890
84 252.00 1200.00 185 547 1.100 10000.000 0.000 0.890
85 255.00 1200.00 163 503 1.100 10000.000 0.000 0.890
86 258.00 1200.00 172 547 1.100 10000.000 0.000 0.890
87 261.00 1200.00 174 567 1.100 10000.000 0.000 0.890
88 264.00 1200.00 171 554 1.100 10000.000 0.000 0.890
89 267.00 1200.00 195 554 1.100 10000.000 0.000 0.890
90 270.00 1200.00 155 525 1.100 10000.000 0.000 0.890
91 273.00 1200.00 199 513 1.100 10000.000 0.000 0.890
92 276.00 1200.00 174 537 1.100 10000.000 0.000 0.890
93 279.00 1200.00 178 572 1.100 10000.000 0.000 0.890
94 282.00 1200.00 196 585 1.100 10000.000 0.000 0.890
95 285.00 1200.00 189 573 1.100 10000.000 0.000 0.890
96 288.00 1200.00 178 574 1.100 10000.000 0.000 0.890
97 291.00 1200.00 185 556 1.100 10000.000 0.000 0.890
98 294.00 1200.00 205 622 1.100 10000.000 0.000 0.890
99 297.00 1200.00 180 588 1.100 10000.000 0.000 0.890
100 300.00 1200.00 157 517 1.100 10000.000 0.000 0.890
