* begin:	05/03/2023 06:49:43
* script file:	D:\data\Cycle 192\exp_3-16-13\rawdata\sc\ifg_20s_6p.cfg
*
[STANDARD]
		
[ifg_20s_6p]
	created 04/03/2023   21:21
[SCAN]
	file path	.
	name		*
	category	standard
	# repeats	1
	notes		room to enter remarks
[SUBSCAN]
	S18.axis2.phase shifter	67	deg	106.600000	111.550000	0.075000	0.100000	FALSE	time	20.000000			
[ENDSCAN]
[END]

* remarks:	room to enter remarks
*
1	106.5937500	20.0	3306	7026	288276	5000	3760840212	10332	0.0000000	0.0000000
2	106.6748047	20.0	1923	8446	287643	4894	3760840240	10369	0.0000000	0.0000000
3	106.7504883	20.0	1134	9301	287807	4819	3760840268	10435	0.0000000	0.0000000
4	106.8247070	20.0	1084	9296	286718	4889	3760840296	10380	0.0000000	0.0000000
5	106.9003906	20.0	1679	8752	289477	4736	3760840324	10431	0.0000000	0.0000000
6	106.9746094	20.0	2798	7776	288754	5013	3760840352	10574	0.0000000	0.0000000
7	107.0502930	20.0	4203	6031	288950	4924	3760840380	10234	0.0000000	0.0000000
8	107.1250000	20.0	5332	4868	289309	4911	3760840408	10200	0.0000000	0.0000000
9	107.2001953	20.0	5934	4392	289546	4943	3760840435	10326	0.0000000	0.0000000
10	107.2749023	20.0	5599	4775	288423	4826	3760840463	10374	0.0000000	0.0000000
11	107.3500977	20.0	4697	5632	288106	4979	3760840491	10329	0.0000000	0.0000000
12	107.4248047	20.0	3364	6965	290429	4975	3760840519	10329	0.0000000	0.0000000
13	107.5004883	20.0	2073	8548	286385	4876	3760840547	10621	0.0000000	0.0000000
14	107.5747070	20.0	1234	9117	287958	4950	3760840575	10351	0.0000000	0.0000000
15	107.6499023	20.0	1258	9212	287987	4814	3760840602	10470	0.0000000	0.0000000
16	107.7250977	20.0	2032	8259	288677	4974	3760840630	10291	0.0000000	0.0000000
17	107.7998047	20.0	3372	7070	287298	4971	3760840658	10442	0.0000000	0.0000000
18	107.8750000	20.0	4681	5678	287947	4910	3760840686	10359	0.0000000	0.0000000
19	107.9501953	20.0	5541	4770	288138	4861	3760840714	10311	0.0000000	0.0000000
20	108.0244141	20.0	5840	4339	289096	4961	3760840742	10179	0.0000000	0.0000000
21	108.1000977	20.0	5504	4700	289629	4867	3760840770	10204	0.0000000	0.0000000
22	108.1748047	20.0	4210	5903	289263	4863	3760840798	10113	0.0000000	0.0000000
23	108.2504883	20.0	3022	7310	285560	4869	3760840826	10332	0.0000000	0.0000000
24	108.3251953	20.0	1787	8838	286767	4864	3760840853	10625	0.0000000	0.0000000
25	108.3999023	20.0	1050	9533	284707	4941	3760840881	10583	0.0000000	0.0000000
26	108.4746094	20.0	1187	9370	284013	4984	3760840909	10557	0.0000000	0.0000000
27	108.5502930	20.0	2190	8174	288135	4791	3760840937	10364	0.0000000	0.0000000
28	108.6250000	20.0	3829	6491	286043	4844	3760840965	10320	0.0000000	0.0000000
29	108.7001953	20.0	5138	5130	285643	4761	3760840993	10268	0.0000000	0.0000000
30	108.7744141	20.0	5890	4224	282868	4858	3760841021	10114	0.0000000	0.0000000
31	108.8500977	20.0	5969	4235	283739	4857	3760841049	10204	0.0000000	0.0000000
32	108.9252930	20.0	5289	4962	284661	4862	3760841076	10251	0.0000000	0.0000000
33	109.0000000	20.0	3991	6347	285091	4946	3760841104	10338	0.0000000	0.0000000
34	109.0751953	20.0	2261	8160	285889	4868	3760841132	10421	0.0000000	0.0000000
35	109.1499023	20.0	1065	9516	286596	4759	3760841160	10581	0.0000000	0.0000000
36	109.2250977	20.0	841	9759	287535	4886	3760841188	10600	0.0000000	0.0000000
37	109.3002930	20.0	1453	8876	284673	4844	3760841216	10329	0.0000000	0.0000000
38	109.3750000	20.0	2799	7541	284833	4924	3760841244	10340	0.0000000	0.0000000
39	109.4497070	20.0	4474	5984	286062	4865	3760841271	10458	0.0000000	0.0000000
40	109.5249023	20.0	5633	4599	284142	4825	3760841299	10232	0.0000000	0.0000000
41	109.6000977	20.0	6182	4039	284598	4849	3760841327	10221	0.0000000	0.0000000
42	109.6752930	20.0	5883	4463	283023	4931	3760841355	10346	0.0000000	0.0000000
43	109.7500000	20.0	4694	5421	285312	4759	3760841383	10115	0.0000000	0.0000000
44	109.8251953	20.0	3321	7070	284566	4877	3760841411	10391	0.0000000	0.0000000
45	109.8999023	20.0	1797	8427	284016	4922	3760841439	10224	0.0000000	0.0000000
46	109.9746094	20.0	1068	9446	284630	4890	3760841466	10514	0.0000000	0.0000000
47	110.0498047	20.0	1221	9172	284997	4826	3760841494	10393	0.0000000	0.0000000
48	110.1254883	20.0	2100	7949	286428	4811	3760841522	10049	0.0000000	0.0000000
49	110.1997070	20.0	3448	6939	285333	4873	3760841550	10387	0.0000000	0.0000000
50	110.2749023	20.0	4778	5274	288793	4879	3760841578	10052	0.0000000	0.0000000
51	110.3496094	20.0	5688	4455	286226	4890	3760841605	10143	0.0000000	0.0000000
52	110.4257812	20.0	5912	4397	284470	4916	3760841633	10309	0.0000000	0.0000000
53	110.5000000	20.0	5151	5062	284248	4992	3760841661	10213	0.0000000	0.0000000
54	110.5747070	20.0	3914	6200	288375	4873	3760841689	10114	0.0000000	0.0000000
55	110.6499023	20.0	2731	7779	286684	4903	3760841717	10510	0.0000000	0.0000000
56	110.7250977	20.0	1662	8677	288687	4786	3760841745	10339	0.0000000	0.0000000
57	110.8002930	20.0	1202	9155	288531	4834	3760841772	10357	0.0000000	0.0000000
58	110.8745117	20.0	1602	8825	287448	4836	3760841800	10427	0.0000000	0.0000000
59	110.9501953	20.0	2396	7944	287201	4874	3760841828	10340	0.0000000	0.0000000
60	111.0249023	20.0	3808	6487	288783	4932	3760841856	10295	0.0000000	0.0000000
61	111.1000977	20.0	5155	5206	288445	4759	3760841884	10361	0.0000000	0.0000000
62	111.1752930	20.0	5760	4420	287781	4906	3760841912	10180	0.0000000	0.0000000
63	111.2500000	20.0	5716	4624	287390	4968	3760841939	10340	0.0000000	0.0000000
64	111.3251953	20.0	4836	5409	288085	4989	3760841967	10245	0.0000000	0.0000000
65	111.3999023	20.0	3431	6777	287425	4932	3760841995	10208	0.0000000	0.0000000
66	111.4750977	20.0	2242	8094	287064	4899	3760842023	10336	0.0000000	0.0000000
67	111.5498047	20.0	1416	9032	286680	4852	3760842051	10448	0.0000000	0.0000000
* end: 05/03/2023 07:20:52
