* begin:	05/03/2023 06:10:36
* script file:	D:\data\Cycle 192\exp_3-16-13\rawdata\sc\ifg_20s_6p.cfg
*
[STANDARD]
		
[ifg_20s_6p]
	created 04/03/2023   21:21
[SCAN]
	file path	.
	name		*
	category	standard
	# repeats	1
	notes		room to enter remarks
[SUBSCAN]
	S18.axis2.phase shifter	67	deg	106.600000	111.550000	0.075000	0.100000	FALSE	time	20.000000			
[ENDSCAN]
[END]

* remarks:	room to enter remarks
*
1	106.5932617	20.0	3537	6848	286216	4758	3760837865	10385	0.0000000	0.0000000
2	106.6752930	20.0	2026	8340	290281	4913	3760837893	10366	0.0000000	0.0000000
3	106.7500000	20.0	1114	9219	288478	4915	3760837921	10333	0.0000000	0.0000000
4	106.8251953	20.0	1046	9219	286905	4934	3760837949	10265	0.0000000	0.0000000
5	106.8999023	20.0	1699	8541	288011	4872	3760837977	10240	0.0000000	0.0000000
6	106.9750977	20.0	3046	7370	287118	4825	3760838004	10416	0.0000000	0.0000000
7	107.0502930	20.0	4359	5951	289355	4840	3760838032	10310	0.0000000	0.0000000
8	107.1250000	20.0	5538	4767	287512	4847	3760838060	10305	0.0000000	0.0000000
9	107.1997070	20.0	5784	4249	286815	4920	3760838088	10033	0.0000000	0.0000000
10	107.2749023	20.0	5753	4519	286894	4866	3760838116	10272	0.0000000	0.0000000
11	107.3500977	20.0	4714	5682	287592	4868	3760838144	10396	0.0000000	0.0000000
12	107.4252930	20.0	3361	7009	289400	4878	3760838172	10370	0.0000000	0.0000000
13	107.5000000	20.0	2081	8322	286780	4855	3760838200	10403	0.0000000	0.0000000
14	107.5751953	20.0	1312	9056	286032	4934	3760838228	10368	0.0000000	0.0000000
15	107.6499023	20.0	1214	9061	285581	5034	3760838255	10275	0.0000000	0.0000000
16	107.7250977	20.0	1882	8392	287208	4779	3760838283	10274	0.0000000	0.0000000
17	107.7998047	20.0	3299	6967	282867	4804	3760838311	10266	0.0000000	0.0000000
18	107.8750000	20.0	4672	5542	284760	4808	3760838339	10214	0.0000000	0.0000000
19	107.9497070	20.0	5728	4641	286050	4960	3760838367	10369	0.0000000	0.0000000
20	108.0249023	20.0	5950	4358	285427	4819	3760838395	10308	0.0000000	0.0000000
21	108.0996094	20.0	5502	4770	286543	4795	3760838422	10272	0.0000000	0.0000000
22	108.1752930	20.0	4458	5750	285169	4893	3760838450	10208	0.0000000	0.0000000
23	108.2500000	20.0	2955	7339	284799	4941	3760838478	10294	0.0000000	0.0000000
24	108.3251953	20.0	1658	8721	284741	4946	3760838506	10379	0.0000000	0.0000000
25	108.3999023	20.0	1003	9426	284119	4877	3760838533	10429	0.0000000	0.0000000
26	108.4750977	20.0	1160	9225	284677	4881	3760838561	10385	0.0000000	0.0000000
27	108.5502930	20.0	2167	7924	283562	4819	3760838589	10091	0.0000000	0.0000000
28	108.6250000	20.0	3743	6635	286328	4877	3760838617	10378	0.0000000	0.0000000
29	108.6997070	20.0	5311	4936	283731	4884	3760838645	10247	0.0000000	0.0000000
30	108.7749023	20.0	5984	4169	285083	4880	3760838673	10153	0.0000000	0.0000000
31	108.8500977	20.0	6094	3980	284479	4989	3760838701	10074	0.0000000	0.0000000
32	108.9257812	20.0	5313	4886	285647	4796	3760838729	10199	0.0000000	0.0000000
33	109.0000000	20.0	3815	6518	284798	4806	3760838756	10333	0.0000000	0.0000000
34	109.0751953	20.0	2197	7967	285567	4887	3760838784	10164	0.0000000	0.0000000
35	109.1499023	20.0	1124	9243	285523	4888	3760838812	10367	0.0000000	0.0000000
36	109.2250977	20.0	809	9458	286973	4933	3760838840	10267	0.0000000	0.0000000
37	109.2998047	20.0	1394	9138	283839	4866	3760838868	10532	0.0000000	0.0000000
38	109.3750000	20.0	2826	7419	285340	4819	3760838896	10245	0.0000000	0.0000000
39	109.4501953	20.0	4196	5942	284852	4947	3760838924	10138	0.0000000	0.0000000
40	109.5249023	20.0	5599	4773	285444	4852	3760838952	10372	0.0000000	0.0000000
41	109.6000977	20.0	6023	4014	282988	4903	3760838980	10037	0.0000000	0.0000000
42	109.6752930	20.0	5886	4421	283315	4927	3760839008	10307	0.0000000	0.0000000
43	109.7504883	20.0	4658	5648	284532	4940	3760839035	10306	0.0000000	0.0000000
44	109.8247070	20.0	3080	7037	290820	4757	3760839063	10117	0.0000000	0.0000000
45	109.8999023	20.0	1724	8478	289465	4845	3760839091	10202	0.0000000	0.0000000
46	109.9750977	20.0	972	9366	286034	4703	3760839119	10338	0.0000000	0.0000000
47	110.0498047	20.0	1176	9342	286797	4811	3760839147	10518	0.0000000	0.0000000
48	110.1250000	20.0	2061	8212	290032	4908	3760839175	10273	0.0000000	0.0000000
49	110.1997070	20.0	3523	6775	287762	5024	3760839202	10298	0.0000000	0.0000000
50	110.2749023	20.0	4930	5132	287283	4801	3760839230	10062	0.0000000	0.0000000
51	110.3500977	20.0	5885	4290	288552	4840	3760839258	10175	0.0000000	0.0000000
52	110.4252930	20.0	5692	4221	286523	4810	3760839286	9913	0.0000000	0.0000000
53	110.5000000	20.0	5188	5220	285934	4880	3760839314	10408	0.0000000	0.0000000
54	110.5751953	20.0	3974	6465	289257	4862	3760839342	10439	0.0000000	0.0000000
55	110.6499023	20.0	2544	7823	287179	4822	3760839370	10367	0.0000000	0.0000000
56	110.7250977	20.0	1637	8733	287850	4917	3760839397	10370	0.0000000	0.0000000
57	110.7998047	20.0	1186	9206	290515	4801	3760839425	10392	0.0000000	0.0000000
58	110.8750000	20.0	1594	8692	286961	4983	3760839453	10286	0.0000000	0.0000000
59	110.9501953	20.0	2549	7595	286867	4876	3760839481	10144	0.0000000	0.0000000
60	111.0249023	20.0	3840	6312	288659	4840	3760839509	10152	0.0000000	0.0000000
61	111.1000977	20.0	5046	5053	286514	4976	3760839537	10099	0.0000000	0.0000000
62	111.1748047	20.0	5643	4422	286397	4809	3760839565	10065	0.0000000	0.0000000
63	111.2504883	20.0	5479	4684	285030	4822	3760839593	10163	0.0000000	0.0000000
64	111.3251953	20.0	4773	5505	286320	4793	3760839621	10278	0.0000000	0.0000000
65	111.3999023	20.0	3621	6702	290436	4821	3760839649	10323	0.0000000	0.0000000
66	111.4746094	20.0	2269	7997	289672	4854	3760839676	10266	0.0000000	0.0000000
67	111.5498047	20.0	1442	8756	285620	4869	3760839704	10198	0.0000000	0.0000000
* end: 05/03/2023 06:41:45
