# BinNR microsec tot-time (s)  O-Beam AUX Ampl(V) f(Hz) phase(deg) chi(pos)
0 0.00 1500.04 65 85 0.740 10000.000 0.000 0.670
1 3.00 1500.04 144 148 0.740 10000.000 0.000 0.670
2 6.00 1500.04 130 165 0.740 10000.000 0.000 0.670
3 9.00 1500.04 124 140 0.740 10000.000 0.000 0.670
4 12.00 1500.04 139 129 0.740 10000.000 0.000 0.670
5 15.00 1500.04 109 156 0.740 10000.000 0.000 0.670
6 18.00 1500.04 98 144 0.740 10000.000 0.000 0.670
7 21.00 1500.04 104 144 0.740 10000.000 0.000 0.670
8 24.00 1500.04 137 117 0.740 10000.000 0.000 0.670
9 27.00 1500.04 93 113 0.740 10000.000 0.000 0.670
10 30.00 1500.04 99 125 0.740 10000.000 0.000 0.670
11 33.00 1500.04 112 131 0.740 10000.000 0.000 0.670
12 36.00 1500.04 129 119 0.740 10000.000 0.000 0.670
13 39.00 1500.04 85 128 0.740 10000.000 0.000 0.670
14 42.00 1500.04 104 110 0.740 10000.000 0.000 0.670
15 45.00 1500.04 117 133 0.740 10000.000 0.000 0.670
16 48.00 1500.04 101 143 0.740 10000.000 0.000 0.670
17 51.00 1500.04 106 149 0.740 10000.000 0.000 0.670
18 54.00 1500.04 115 206 0.740 10000.000 0.000 0.670
19 57.00 1500.04 116 146 0.740 10000.000 0.000 0.670
20 60.00 1500.04 113 180 0.740 10000.000 0.000 0.670
21 63.00 1500.04 112 147 0.740 10000.000 0.000 0.670
22 66.00 1500.04 146 148 0.740 10000.000 0.000 0.670
23 69.00 1500.04 129 121 0.740 10000.000 0.000 0.670
24 72.00 1500.04 142 124 0.740 10000.000 0.000 0.670
25 75.00 1500.04 147 124 0.740 10000.000 0.000 0.670
26 78.00 1500.04 149 132 0.740 10000.000 0.000 0.670
27 81.00 1500.04 149 133 0.740 10000.000 0.000 0.670
28 84.00 1500.04 163 118 0.740 10000.000 0.000 0.670
29 87.00 1500.04 158 134 0.740 10000.000 0.000 0.670
30 90.00 1500.04 158 150 0.740 10000.000 0.000 0.670
31 93.00 1500.04 156 125 0.740 10000.000 0.000 0.670
32 96.00 1500.04 149 163 0.740 10000.000 0.000 0.670
33 99.00 1500.04 146 158 0.740 10000.000 0.000 0.670
34 102.00 1500.04 133 140 0.740 10000.000 0.000 0.670
35 105.00 1500.04 110 128 0.740 10000.000 0.000 0.670
36 108.00 1500.04 140 133 0.740 10000.000 0.000 0.670
37 111.00 1500.04 108 131 0.740 10000.000 0.000 0.670
38 114.00 1500.04 127 130 0.740 10000.000 0.000 0.670
39 117.00 1500.04 123 124 0.740 10000.000 0.000 0.670
40 120.00 1500.04 107 136 0.740 10000.000 0.000 0.670
41 123.00 1500.04 111 132 0.740 10000.000 0.000 0.670
42 126.00 1500.04 91 127 0.740 10000.000 0.000 0.670
43 129.00 1500.04 115 130 0.740 10000.000 0.000 0.670
44 132.00 1500.04 109 154 0.740 10000.000 0.000 0.670
45 135.00 1500.04 110 140 0.740 10000.000 0.000 0.670
46 138.00 1500.04 113 156 0.740 10000.000 0.000 0.670
47 141.00 1500.04 126 159 0.740 10000.000 0.000 0.670
48 144.00 1500.04 100 178 0.740 10000.000 0.000 0.670
49 147.00 1500.04 123 174 0.740 10000.000 0.000 0.670
50 150.00 1500.04 97 181 0.740 10000.000 0.000 0.670
51 153.00 1500.04 115 148 0.740 10000.000 0.000 0.670
52 156.00 1500.04 125 187 0.740 10000.000 0.000 0.670
53 159.00 1500.04 115 147 0.740 10000.000 0.000 0.670
54 162.00 1500.04 119 155 0.740 10000.000 0.000 0.670
55 165.00 1500.04 124 143 0.740 10000.000 0.000 0.670
56 168.00 1500.04 131 152 0.740 10000.000 0.000 0.670
57 171.00 1500.04 130 120 0.740 10000.000 0.000 0.670
58 174.00 1500.04 138 117 0.740 10000.000 0.000 0.670
59 177.00 1500.04 144 114 0.740 10000.000 0.000 0.670
60 180.00 1500.04 164 118 0.740 10000.000 0.000 0.670
61 183.00 1500.04 146 119 0.740 10000.000 0.000 0.670
62 186.00 1500.04 146 150 0.740 10000.000 0.000 0.670
63 189.00 1500.04 151 127 0.740 10000.000 0.000 0.670
64 192.00 1500.04 148 132 0.740 10000.000 0.000 0.670
65 195.00 1500.04 126 130 0.740 10000.000 0.000 0.670
66 198.00 1500.04 156 128 0.740 10000.000 0.000 0.670
67 201.00 1500.04 149 160 0.740 10000.000 0.000 0.670
68 204.00 1500.04 140 143 0.740 10000.000 0.000 0.670
69 207.00 1500.04 120 117 0.740 10000.000 0.000 0.670
70 210.00 1500.04 115 129 0.740 10000.000 0.000 0.670
71 213.00 1500.04 121 147 0.740 10000.000 0.000 0.670
72 216.00 1500.04 97 128 0.740 10000.000 0.000 0.670
73 219.00 1500.04 108 140 0.740 10000.000 0.000 0.670
74 222.00 1500.04 111 130 0.740 10000.000 0.000 0.670
75 225.00 1500.04 113 121 0.740 10000.000 0.000 0.670
76 228.00 1500.04 116 142 0.740 10000.000 0.000 0.670
77 231.00 1500.04 94 151 0.740 10000.000 0.000 0.670
78 234.00 1500.04 86 149 0.740 10000.000 0.000 0.670
79 237.00 1500.04 91 150 0.740 10000.000 0.000 0.670
80 240.00 1500.04 125 178 0.740 10000.000 0.000 0.670
81 243.00 1500.04 106 187 0.740 10000.000 0.000 0.670
82 246.00 1500.04 115 173 0.740 10000.000 0.000 0.670
83 249.00 1500.04 108 192 0.740 10000.000 0.000 0.670
84 252.00 1500.04 93 184 0.740 10000.000 0.000 0.670
85 255.00 1500.04 106 186 0.740 10000.000 0.000 0.670
86 258.00 1500.04 139 152 0.740 10000.000 0.000 0.670
87 261.00 1500.04 124 138 0.740 10000.000 0.000 0.670
88 264.00 1500.04 151 140 0.740 10000.000 0.000 0.670
89 267.00 1500.04 136 123 0.740 10000.000 0.000 0.670
90 270.00 1500.04 134 130 0.740 10000.000 0.000 0.670
91 273.00 1500.04 135 135 0.740 10000.000 0.000 0.670
92 276.00 1500.04 150 116 0.740 10000.000 0.000 0.670
93 279.00 1500.04 152 150 0.740 10000.000 0.000 0.670
94 282.00 1500.04 133 115 0.740 10000.000 0.000 0.670
95 285.00 1500.04 133 116 0.740 10000.000 0.000 0.670
96 288.00 1500.04 146 152 0.740 10000.000 0.000 0.670
97 291.00 1500.04 131 149 0.740 10000.000 0.000 0.670
98 294.00 1500.04 104 146 0.740 10000.000 0.000 0.670
99 297.00 1500.04 136 140 0.740 10000.000 0.000 0.670
100 300.00 1500.04 125 162 0.740 10000.000 0.000 0.670
101 303.00 1500.04 135 128 0.740 10000.000 0.000 0.670
102 306.00 1500.04 152 145 0.740 10000.000 0.000 0.670
103 309.00 1500.04 126 128 0.740 10000.000 0.000 0.670
104 312.00 1500.04 119 126 0.740 10000.000 0.000 0.670
105 315.00 1500.04 121 128 0.740 10000.000 0.000 0.670
106 318.00 1500.04 124 151 0.740 10000.000 0.000 0.670
107 321.00 1500.04 137 116 0.740 10000.000 0.000 0.670
108 324.00 1500.04 138 121 0.740 10000.000 0.000 0.670
109 327.00 1500.04 158 173 0.740 10000.000 0.000 0.670
110 330.00 1500.04 143 134 0.740 10000.000 0.000 0.670
111 333.00 1500.04 132 155 0.740 10000.000 0.000 0.670
112 336.00 1500.04 138 156 0.740 10000.000 0.000 0.670
113 339.00 1500.04 131 167 0.740 10000.000 0.000 0.670
114 342.00 1500.04 104 195 0.740 10000.000 0.000 0.670
115 345.00 1500.04 110 183 0.740 10000.000 0.000 0.670
116 348.00 1500.04 115 188 0.740 10000.000 0.000 0.670
117 351.00 1500.04 106 182 0.740 10000.000 0.000 0.670
118 354.00 1500.04 107 174 0.740 10000.000 0.000 0.670
119 357.00 1500.04 96 154 0.740 10000.000 0.000 0.670
120 360.00 1500.04 106 191 0.740 10000.000 0.000 0.670
121 363.00 1500.04 99 151 0.740 10000.000 0.000 0.670
122 366.00 1500.04 141 141 0.740 10000.000 0.000 0.670
123 369.00 1500.04 95 135 0.740 10000.000 0.000 0.670
124 372.00 1500.04 100 120 0.740 10000.000 0.000 0.670
125 375.00 1500.04 124 116 0.740 10000.000 0.000 0.670
126 378.00 1500.04 100 121 0.740 10000.000 0.000 0.670
127 381.00 1500.04 84 122 0.740 10000.000 0.000 0.670
128 384.00 1500.04 109 108 0.740 10000.000 0.000 0.670
129 387.00 1500.04 110 136 0.740 10000.000 0.000 0.670
130 390.00 1500.04 123 157 0.740 10000.000 0.000 0.670
131 393.00 1500.04 97 148 0.740 10000.000 0.000 0.670
132 396.00 1500.04 111 142 0.740 10000.000 0.000 0.670
133 399.00 1500.04 117 136 0.740 10000.000 0.000 0.670
134 402.00 1500.04 149 149 0.740 10000.000 0.000 0.670
135 405.00 1500.04 124 140 0.740 10000.000 0.000 0.670
136 408.00 1500.04 154 121 0.740 10000.000 0.000 0.670
137 411.00 1500.04 140 113 0.740 10000.000 0.000 0.670
138 414.00 1500.04 147 149 0.740 10000.000 0.000 0.670
139 417.00 1500.04 154 99 0.740 10000.000 0.000 0.670
140 420.00 1500.04 151 109 0.740 10000.000 0.000 0.670
141 423.00 1500.04 123 107 0.740 10000.000 0.000 0.670
142 426.00 1500.04 166 156 0.740 10000.000 0.000 0.670
143 429.00 1500.04 170 138 0.740 10000.000 0.000 0.670
144 432.00 1500.04 141 154 0.740 10000.000 0.000 0.670
