# BinNR microsec tot-time (s)  O-Beam H-beam AUX Ampl(V) f(Hz) phase(deg) chi(pos)
0 0.00 900.00 145 563 0 5.155 2000.000 0.000 -0.945
1 25.00 900.00 189 541 1 5.155 2000.000 0.000 -0.945
2 50.00 900.00 171 459 0 5.155 2000.000 0.000 -0.945
3 75.00 900.00 163 363 1 5.155 2000.000 0.000 -0.945
4 100.00 900.00 171 291 0 5.155 2000.000 0.000 -0.945
5 125.00 900.00 165 335 0 5.155 2000.000 0.000 -0.945
6 150.00 900.00 227 321 1 5.155 2000.000 0.000 -0.945
7 175.00 900.00 324 365 0 5.155 2000.000 0.000 -0.945
8 200.00 900.00 410 344 0 5.155 2000.000 0.000 -0.945
9 225.00 900.00 431 319 1 5.155 2000.000 0.000 -0.945
10 250.00 900.00 399 292 0 5.155 2000.000 0.000 -0.945
11 275.00 900.00 369 296 1 5.155 2000.000 0.000 -0.945
12 300.00 900.00 369 390 2 5.155 2000.000 0.000 -0.945
13 325.00 900.00 408 492 1 5.155 2000.000 0.000 -0.945
14 350.00 900.00 425 561 1 5.155 2000.000 0.000 -0.945
15 375.00 900.00 429 613 0 5.155 2000.000 0.000 -0.945
16 400.00 900.00 420 555 0 5.155 2000.000 0.000 -0.945
17 425.00 900.00 287 570 1 5.155 2000.000 0.000 -0.945
18 450.00 900.00 187 540 2 5.155 2000.000 0.000 -0.945
19 475.00 900.00 144 595 1 5.155 2000.000 0.000 -0.945
20 500.00 900.00 135 540 0 5.155 2000.000 0.000 -0.945
21 525.00 900.00 181 572 0 5.155 2000.000 0.000 -0.945
22 550.00 900.00 162 420 1 5.155 2000.000 0.000 -0.945
23 575.00 900.00 163 353 0 5.155 2000.000 0.000 -0.945
24 600.00 900.00 127 277 0 5.155 2000.000 0.000 -0.945
25 625.00 900.00 166 323 0 5.155 2000.000 0.000 -0.945
26 650.00 900.00 221 326 0 5.155 2000.000 0.000 -0.945
27 675.00 900.00 315 377 1 5.155 2000.000 0.000 -0.945
28 700.00 900.00 404 365 0 5.155 2000.000 0.000 -0.945
29 725.00 900.00 478 325 0 5.155 2000.000 0.000 -0.945
30 750.00 900.00 429 297 2 5.155 2000.000 0.000 -0.945
31 775.00 900.00 413 313 0 5.155 2000.000 0.000 -0.945
32 800.00 900.00 381 412 1 5.155 2000.000 0.000 -0.945
33 825.00 900.00 372 504 0 5.155 2000.000 0.000 -0.945
34 850.00 900.00 477 568 0 5.155 2000.000 0.000 -0.945
35 875.00 900.00 396 563 0 5.155 2000.000 0.000 -0.945
36 900.00 900.00 382 558 0 5.155 2000.000 0.000 -0.945
37 925.00 900.00 309 540 1 5.155 2000.000 0.000 -0.945
38 950.00 900.00 221 560 2 5.155 2000.000 0.000 -0.945
39 975.00 900.00 166 551 1 5.155 2000.000 0.000 -0.945
