# BinNR microsec tot-time (s)  O-Beam H-beam AUX Ampl(V) f(Hz) phase(deg) chi(pos)
0 0.00 900.00 204 586 1 5.155 2000.000 0.000 1.208
1 25.00 900.00 233 542 1 5.155 2000.000 0.000 1.208
2 50.00 900.00 213 538 0 5.155 2000.000 0.000 1.208
3 75.00 900.00 247 403 0 5.155 2000.000 0.000 1.208
4 100.00 900.00 181 326 0 5.155 2000.000 0.000 1.208
5 125.00 900.00 143 272 0 5.155 2000.000 0.000 1.208
6 150.00 900.00 178 298 2 5.155 2000.000 0.000 1.208
7 175.00 900.00 247 279 1 5.155 2000.000 0.000 1.208
8 200.00 900.00 373 278 0 5.155 2000.000 0.000 1.208
9 225.00 900.00 420 292 2 5.155 2000.000 0.000 1.208
10 250.00 900.00 474 295 0 5.155 2000.000 0.000 1.208
11 275.00 900.00 404 381 2 5.155 2000.000 0.000 1.208
12 300.00 900.00 404 496 0 5.155 2000.000 0.000 1.208
13 325.00 900.00 442 544 1 5.155 2000.000 0.000 1.208
14 350.00 900.00 430 517 1 5.155 2000.000 0.000 1.208
15 375.00 900.00 430 598 2 5.155 2000.000 0.000 1.208
16 400.00 900.00 303 525 1 5.155 2000.000 0.000 1.208
17 425.00 900.00 198 485 0 5.155 2000.000 0.000 1.208
18 450.00 900.00 166 545 1 5.155 2000.000 0.000 1.208
19 475.00 900.00 156 528 0 5.155 2000.000 0.000 1.208
20 500.00 900.00 188 573 0 5.155 2000.000 0.000 1.208
21 525.00 900.00 202 588 2 5.155 2000.000 0.000 1.208
22 550.00 900.00 244 509 0 5.155 2000.000 0.000 1.208
23 575.00 900.00 181 395 1 5.155 2000.000 0.000 1.208
24 600.00 900.00 183 299 0 5.155 2000.000 0.000 1.208
25 625.00 900.00 148 293 1 5.155 2000.000 0.000 1.208
26 650.00 900.00 166 280 0 5.155 2000.000 0.000 1.208
27 675.00 900.00 229 284 0 5.155 2000.000 0.000 1.208
28 700.00 900.00 323 283 1 5.155 2000.000 0.000 1.208
29 725.00 900.00 371 312 0 5.155 2000.000 0.000 1.208
30 750.00 900.00 442 306 0 5.155 2000.000 0.000 1.208
31 775.00 900.00 398 380 1 5.155 2000.000 0.000 1.208
32 800.00 900.00 368 465 0 5.155 2000.000 0.000 1.208
33 825.00 900.00 462 521 3 5.155 2000.000 0.000 1.208
34 850.00 900.00 428 589 1 5.155 2000.000 0.000 1.208
35 875.00 900.00 383 524 1 5.155 2000.000 0.000 1.208
36 900.00 900.00 285 508 0 5.155 2000.000 0.000 1.208
37 925.00 900.00 211 426 0 5.155 2000.000 0.000 1.208
38 950.00 900.00 112 508 0 5.155 2000.000 0.000 1.208
39 975.00 900.00 149 541 0 5.155 2000.000 0.000 1.208
