# BinNR ps_pos tot-time (s)  O-Beam H-Beam AUX Amplitude(func. gen.)
-2.010498 15.0 320 4999 90903 803 3782767498 5319 0.000000 0.000000 2.000000
-1.801758 15.0 478 4413 90426 1161 3782767519 4891 0.000000 0.000000 2.000000
-1.604004 15.0 577 3829 90581 1531 3782767540 4406 0.000000 0.000000 2.000000
-1.406250 15.0 665 3380 91746 1799 3782767561 4045 0.000000 0.000000 2.000000
-1.197510 15.0 703 3438 92868 1834 3782767583 4141 0.000000 0.000000 2.000000
-0.999756 15.0 635 3538 92320 1679 3782767604 4173 0.000000 0.000000 2.000000
-0.802002 15.0 487 4123 92657 1285 3782767625 4610 0.000000 0.000000 2.000000
-0.615234 15.0 357 4601 92320 980 3782767646 4958 0.000000 0.000000 2.000000
-0.406494 15.0 279 5283 92491 608 3782767667 5562 0.000000 0.000000 2.000000
-0.208740 15.0 266 5245 92687 584 3782767689 5511 0.000000 0.000000 2.000000
0.000000 15.0 321 5019 93448 727 3782767710 5340 0.000000 0.000000 2.000000
0.197754 15.0 410 4624 93256 1037 3782767731 5034 0.000000 0.000000 2.000000
0.406494 15.0 536 4023 93569 1386 3782767752 4559 0.000000 0.000000 2.000000
0.604248 15.0 625 3523 93597 1774 3782767773 4148 0.000000 0.000000 2.000000
0.791016 15.0 710 3294 93612 1797 3782767795 4004 0.000000 0.000000 2.000000
0.988769 15.0 647 3562 93360 1718 3782767816 4209 0.000000 0.000000 2.000000
1.197510 15.0 508 3974 93318 1375 3782767837 4482 0.000000 0.000000 2.000000
1.384277 15.0 392 4525 93321 1072 3782767858 4917 0.000000 0.000000 2.000000
1.604004 15.0 303 5130 93277 694 3782767880 5433 0.000000 0.000000 2.000000
1.801758 15.0 253 5339 93316 596 3782767901 5592 0.000000 0.000000 2.000000
1.988525 15.0 301 5175 93361 714 3782767922 5476 0.000000 0.000000 2.000000
