# BinNR ps_pos tot-time (s)  O-Beam H-Beam AUX am2 am1
-2.098389 20.0 1204 7095 2 2221 3794843386 8299 0.000000 0.000000 7.200000 7.200000
-1.900635 20.0 1304 7124 3 2321 3794843412 8428 0.000000 0.000000 7.200000 7.200000
-1.680908 20.0 1285 6910 5 2406 3794843439 8195 0.000000 0.000000 7.200000 7.200000
-1.483154 20.0 1251 6997 2 2353 3794843465 8248 0.000000 0.000000 7.200000 7.200000
-1.263428 20.0 1161 6820 4 2423 3794843491 7981 0.000000 0.000000 7.200000 7.200000
-1.065674 20.0 1296 6814 5 2405 3794843517 8110 0.000000 0.000000 7.200000 7.200000
-0.834961 20.0 1183 6957 6 2297 3794843544 8140 0.000000 0.000000 7.200000 7.200000
-0.615234 20.0 1251 7001 2 2383 3794843570 8252 0.000000 0.000000 7.200000 7.200000
-0.428467 20.0 1225 6991 5 2399 3794843596 8216 0.000000 0.000000 7.200000 7.200000
-0.208740 20.0 1260 6890 2 2315 3794843623 8150 0.000000 0.000000 7.200000 7.200000
0.000000 20.0 1273 7021 0 2376 3794843649 8294 0.000000 0.000000 7.200000 7.200000
0.208740 20.0 1291 6964 4 2251 3794843675 8255 0.000000 0.000000 7.200000 7.200000
0.417480 20.0 1130 6865 4 2383 3794843701 7995 0.000000 0.000000 7.200000 7.200000
0.626221 20.0 1294 6905 1 2334 3794843727 8199 0.000000 0.000000 7.200000 7.200000
0.823975 20.0 1333 6714 9 2409 3794843753 8047 0.000000 0.000000 7.200000 7.200000
1.054688 20.0 1252 6953 4 2391 3794843780 8205 0.000000 0.000000 7.200000 7.200000
1.263428 20.0 1225 6904 2 2344 3794843806 8129 0.000000 0.000000 7.200000 7.200000
1.461182 20.0 1189 6938 2 2413 3794843832 8127 0.000000 0.000000 7.200000 7.200000
1.658935 20.0 1269 6862 12 2266 3794843859 8131 0.000000 0.000000 7.200000 7.200000
1.889648 20.0 1248 6826 5 2332 3794843885 8074 0.000000 0.000000 7.200000 7.200000
2.098389 20.0 1213 7043 9 2314 3794843911 8256 0.000000 0.000000 7.200000 7.200000
2.307129 20.0 1287 7191 5 2247 3794843937 8478 0.000000 0.000000 7.200000 7.200000
