# BinNR ps_pos tot-time (s)  O-Beam H-Beam AUX am2 am1
-2.098389 20.0 1323 6779 2 2397 3794843972 8102 0.000000 0.000000 7.800000 7.800000
-1.900635 20.0 1292 6853 2 2457 3794843999 8145 0.000000 0.000000 7.800000 7.800000
-1.691895 20.0 1274 6898 4 2378 3794844025 8172 0.000000 0.000000 7.800000 7.800000
-1.472168 20.0 1147 7227 8 2274 3794844051 8374 0.000000 0.000000 7.800000 7.800000
-1.263428 20.0 1192 7321 2 2269 3794844077 8513 0.000000 0.000000 7.800000 7.800000
-1.065674 20.0 1209 6989 4 2184 3794844103 8198 0.000000 0.000000 7.800000 7.800000
-0.834961 20.0 1257 7084 4 2428 3794844130 8341 0.000000 0.000000 7.800000 7.800000
-0.626221 20.0 1341 6712 4 2369 3794844156 8053 0.000000 0.000000 7.800000 7.800000
-0.417480 20.0 1324 6847 4 2486 3794844182 8171 0.000000 0.000000 7.800000 7.800000
-0.219727 20.0 1265 6792 2 2477 3794844208 8057 0.000000 0.000000 7.800000 7.800000
0.000000 20.0 1307 6751 5 2429 3794844235 8058 0.000000 0.000000 7.800000 7.800000
0.219727 20.0 1246 6940 1 2415 3794844261 8186 0.000000 0.000000 7.800000 7.800000
0.406494 20.0 1278 6897 5 2332 3794844287 8175 0.000000 0.000000 7.800000 7.800000
0.626221 20.0 1208 7025 5 2332 3794844313 8233 0.000000 0.000000 7.800000 7.800000
0.834961 20.0 1134 7106 3 2232 3794844340 8240 0.000000 0.000000 7.800000 7.800000
1.054688 20.0 1229 7181 6 2206 3794844366 8410 0.000000 0.000000 7.800000 7.800000
1.252441 20.0 1188 7094 4 2362 3794844392 8282 0.000000 0.000000 7.800000 7.800000
1.461182 20.0 1225 6890 8 2396 3794844418 8115 0.000000 0.000000 7.800000 7.800000
1.680908 20.0 1230 6685 3 2499 3794844445 7915 0.000000 0.000000 7.800000 7.800000
1.878662 20.0 1303 6553 1 2479 3794844471 7856 0.000000 0.000000 7.800000 7.800000
2.098389 20.0 1302 6813 5 2416 3794844497 8115 0.000000 0.000000 7.800000 7.800000
2.307129 20.0 1274 6878 4 2304 3794844523 8152 0.000000 0.000000 7.800000 7.800000
