# BinNR ps_pos tot-time (s)  O-Beam H-Beam AUX Amplitude(func. gen.)
-1.999512 15.0 702 6795 104045 1716 3782378817 7497 0.000000 0.000000 10.000000
-1.801758 15.0 666 6695 104232 1758 3782378838 7361 0.000000 0.000000 10.000000
-1.604004 15.0 776 6411 104851 1943 3782378860 7187 0.000000 0.000000 10.000000
-1.406250 15.0 787 6074 104682 2139 3782378881 6861 0.000000 0.000000 10.000000
-1.197510 15.0 904 5997 104979 2298 3782378902 6901 0.000000 0.000000 10.000000
-1.010742 15.0 985 5517 103776 2521 3782378923 6502 0.000000 0.000000 10.000000
-0.812988 15.0 939 5526 104439 2578 3782378945 6465 0.000000 0.000000 10.000000
-0.604248 15.0 883 5881 104426 2474 3782378966 6764 0.000000 0.000000 10.000000
-0.395508 15.0 810 6198 103341 2081 3782378987 7008 0.000000 0.000000 10.000000
-0.186768 15.0 754 6359 104016 1953 3782379009 7113 0.000000 0.000000 10.000000
0.000000 15.0 702 6673 104004 1732 3782379030 7375 0.000000 0.000000 10.000000
0.186768 15.0 692 6801 103610 1655 3782379052 7493 0.000000 0.000000 10.000000
0.384522 15.0 765 6586 103502 1846 3782379073 7351 0.000000 0.000000 10.000000
0.593262 15.0 738 6234 104373 2012 3782379094 6972 0.000000 0.000000 10.000000
0.791016 15.0 868 5809 103824 2415 3782379115 6677 0.000000 0.000000 10.000000
0.999756 15.0 976 5627 103107 2413 3782379136 6603 0.000000 0.000000 10.000000
1.197510 15.0 963 5421 103778 2515 3782379158 6384 0.000000 0.000000 10.000000
1.384277 15.0 937 5705 103677 2457 3782379179 6642 0.000000 0.000000 10.000000
1.614990 15.0 831 5979 103574 2153 3782379200 6810 0.000000 0.000000 10.000000
1.801758 15.0 748 6447 103597 1959 3782379221 7195 0.000000 0.000000 10.000000
1.988525 15.0 774 6606 103526 1839 3782379243 7380 0.000000 0.000000 10.000000
