# BinNR ps_pos tot-time (s)  O-Beam H-Beam AUX Amplitude(func. gen.)
-2.010498 15.0 895 5919 99387 2297 3782376533 6814 0.000000 0.000000 7.229000
-1.812744 15.0 910 5797 99798 2423 3782376555 6707 0.000000 0.000000 7.229000
-1.604004 15.0 841 5835 99268 2376 3782376576 6676 0.000000 0.000000 7.229000
-1.395264 15.0 824 5903 99663 2209 3782376597 6727 0.000000 0.000000 7.229000
-1.197510 15.0 773 6061 99879 2083 3782376619 6834 0.000000 0.000000 7.229000
-0.999756 15.0 777 6429 99888 1953 3782376640 7206 0.000000 0.000000 7.229000
-0.812988 15.0 819 6560 99713 1878 3782376661 7379 0.000000 0.000000 7.229000
-0.593262 15.0 739 6634 99742 1881 3782376683 7373 0.000000 0.000000 7.229000
-0.395508 15.0 807 6295 99466 1915 3782376704 7102 0.000000 0.000000 7.229000
-0.208740 15.0 838 6084 99519 2221 3782376725 6922 0.000000 0.000000 7.229000
0.000000 15.0 854 5816 99419 2361 3782376747 6670 0.000000 0.000000 7.229000
0.197754 15.0 904 5842 99601 2356 3782376768 6746 0.000000 0.000000 7.229000
0.395508 15.0 874 5661 99589 2531 3782376789 6535 0.000000 0.000000 7.229000
0.604248 15.0 850 6038 99662 2195 3782376810 6888 0.000000 0.000000 7.229000
0.791016 15.0 777 6143 99495 2098 3782376832 6920 0.000000 0.000000 7.229000
0.988769 15.0 741 6281 99965 1919 3782376853 7022 0.000000 0.000000 7.229000
1.186523 15.0 770 6661 99357 1810 3782376874 7431 0.000000 0.000000 7.229000
1.395264 15.0 714 6475 100086 1857 3782376895 7189 0.000000 0.000000 7.229000
1.604004 15.0 761 6435 99121 1932 3782376917 7196 0.000000 0.000000 7.229000
1.790771 15.0 761 6099 99476 2110 3782376938 6860 0.000000 0.000000 7.229000
1.999512 15.0 855 5864 99662 2250 3782376960 6719 0.000000 0.000000 7.229000
