# BinNR ps_pos tot-time (s)  O-Beam H-Beam AUX Amplitude(func. gen.)
-2.098389 20.0 1197 7045 2 2168 3794681881 8242 0.000000 0.000000 3.600000
-1.889648 20.0 1236 7052 5 2270 3794681907 8288 0.000000 0.000000 3.600000
-1.669922 20.0 1270 6755 3 2336 3794681933 8025 0.000000 0.000000 3.600000
-1.483154 20.0 1276 6666 4 2464 3794681959 7942 0.000000 0.000000 3.600000
-1.252441 20.0 1272 6732 3 2303 3794681986 8004 0.000000 0.000000 3.600000
-1.054688 20.0 1324 6795 2 2357 3794682012 8119 0.000000 0.000000 3.600000
-0.834961 20.0 1311 6888 4 2353 3794682038 8199 0.000000 0.000000 3.600000
-0.626221 20.0 1217 6933 6 2284 3794682064 8150 0.000000 0.000000 3.600000
-0.417480 20.0 1220 6907 4 2329 3794682091 8127 0.000000 0.000000 3.600000
-0.219727 20.0 1170 7039 2 2148 3794682117 8209 0.000000 0.000000 3.600000
0.000000 20.0 1199 7076 2 2209 3794682143 8275 0.000000 0.000000 3.600000
0.208740 20.0 1214 6964 4 2320 3794682169 8178 0.000000 0.000000 3.600000
0.417480 20.0 1283 6729 3 2394 3794682195 8012 0.000000 0.000000 3.600000
0.626221 20.0 1299 6862 5 2437 3794682222 8161 0.000000 0.000000 3.600000
0.845947 20.0 1328 6664 2 2467 3794682248 7992 0.000000 0.000000 3.600000
1.065674 20.0 1163 6946 4 2344 3794682274 8109 0.000000 0.000000 3.600000
1.263428 20.0 1254 6960 6 2349 3794682300 8214 0.000000 0.000000 3.600000
1.461182 20.0 1245 6885 2 2307 3794682326 8130 0.000000 0.000000 3.600000
1.669922 20.0 1167 6922 2 2265 3794682353 8089 0.000000 0.000000 3.600000
1.889648 20.0 1206 7088 6 2317 3794682379 8294 0.000000 0.000000 3.600000
2.087402 20.0 1176 7014 4 2326 3794682405 8190 0.000000 0.000000 3.600000
2.296143 20.0 1221 6971 3 2308 3794682431 8192 0.000000 0.000000 3.600000
