# ps_pos exposure_time(s) O-Beam H-Beam Monitor AUX-Beam time(s) O+H+AUX encod1 encod2
1 -0.230713 30.0 3768 4262 92118 4731 3842896989 8030 0.000000 0.000000
2 -0.142822 30.0 2235 5606 92313 4767 3842897025 7841 0.000000 0.000000
3 -0.043945 30.0 1210 6458 92693 4784 3842897060 7668 0.000000 0.000000
4 0.065918 30.0 1029 6531 92286 4769 3842897095 7560 0.000000 0.000000
5 0.153809 30.0 1760 5978 92132 4583 3842897130 7738 0.000000 0.000000
6 0.263672 30.0 3220 4705 92669 4753 3842897165 7925 0.000000 0.000000
7 0.351562 30.0 4553 3453 92857 4762 3842897201 8006 0.000000 0.000000
8 0.450439 30.0 5592 2390 92915 4868 3842897236 7982 0.000000 0.000000
9 0.560303 30.0 6290 2004 92470 4794 3842897271 8294 0.000000 0.000000
10 0.648193 30.0 5929 2294 92711 4652 3842897306 8223 0.000000 0.000000
11 0.747070 30.0 4500 3549 92417 4713 3842897342 8049 0.000000 0.000000
12 0.856934 30.0 2875 4970 93038 4631 3842897377 7845 0.000000 0.000000
13 0.944824 30.0 1710 5814 92444 4667 3842897412 7524 0.000000 0.000000
14 1.054688 30.0 1009 6596 92557 4642 3842897447 7605 0.000000 0.000000
15 1.142578 30.0 1483 6097 92684 4661 3842897482 7580 0.000000 0.000000
16 1.241455 30.0 2527 5245 92656 4755 3842897517 7772 0.000000 0.000000
17 1.340332 30.0 3796 3969 92721 4676 3842897553 7765 0.000000 0.000000
18 1.450195 30.0 5311 2614 93167 4691 3842897588 7925 0.000000 0.000000
19 1.549072 30.0 6148 2057 92335 4657 3842897623 8205 0.000000 0.000000
20 1.647949 30.0 6063 2121 93008 4710 3842897658 8184 0.000000 0.000000
21 1.735840 30.0 5091 2982 92572 4686 3842897693 8073 0.000000 0.000000
22 1.834717 30.0 3787 4127 93116 4665 3842897729 7914 0.000000 0.000000
