# BinNR ps_pos tot-time (s)  O-Beam H-Beam AUX Amplitude(func. gen.)
-2.098389 20.0 1029 7509 7 1992 3794827367 8538 0.000000 0.000000 6.600000
-1.889648 20.0 1140 7122 3 2079 3794827394 8262 0.000000 0.000000 6.600000
-1.680908 20.0 1264 6816 6 2417 3794827420 8080 0.000000 0.000000 6.600000
-1.472168 20.0 1419 6317 5 2661 3794827446 7736 0.000000 0.000000 6.600000
-1.263428 20.0 1391 6249 6 2696 3794827472 7640 0.000000 0.000000 6.600000
-1.054688 20.0 1450 6387 3 2684 3794827498 7837 0.000000 0.000000 6.600000
-0.845947 20.0 1342 6640 1 2349 3794827525 7982 0.000000 0.000000 6.600000
-0.626221 20.0 1216 6969 2 2271 3794827551 8185 0.000000 0.000000 6.600000
-0.417480 20.0 1031 7438 2 1939 3794827577 8469 0.000000 0.000000 6.600000
-0.208740 20.0 959 7648 1 1960 3794827603 8607 0.000000 0.000000 6.600000
0.010986 20.0 1079 7574 3 1944 3794827630 8653 0.000000 0.000000 6.600000
0.208740 20.0 1168 7206 5 2093 3794827656 8374 0.000000 0.000000 6.600000
0.417480 20.0 1290 6624 4 2494 3794827682 7914 0.000000 0.000000 6.600000
0.626221 20.0 1476 6432 0 2684 3794827708 7908 0.000000 0.000000 6.600000
0.834961 20.0 1522 6277 5 2724 3794827734 7799 0.000000 0.000000 6.600000
1.043701 20.0 1436 6336 2 2790 3794827761 7772 0.000000 0.000000 6.600000
1.263428 20.0 1358 6753 4 2375 3794827787 8111 0.000000 0.000000 6.600000
1.472168 20.0 1195 7276 0 2218 3794827813 8471 0.000000 0.000000 6.600000
1.669922 20.0 1082 7411 6 2068 3794827840 8493 0.000000 0.000000 6.600000
1.889648 20.0 988 7674 2 1960 3794827866 8662 0.000000 0.000000 6.600000
2.109375 20.0 1058 7487 1 1964 3794827892 8545 0.000000 0.000000 6.600000
2.296143 20.0 1111 7290 2 2127 3794827919 8401 0.000000 0.000000 6.600000
