# BinNR microsec tot-time (s)  O-Beam H-beam AUX Ampl(V) f(Hz) phase(deg) chi(pos)
0 0.00 100.00 32 153 105 4.120 2000.000 0.000 -1.011
1 50.00 100.00 39 111 100 4.120 2000.000 0.000 -1.011
2 100.00 100.00 31 127 80 4.120 2000.000 0.000 -1.011
3 150.00 100.00 42 121 72 4.120 2000.000 0.000 -1.011
4 200.00 100.00 41 133 90 4.120 2000.000 0.000 -1.011
5 250.00 100.00 36 113 71 4.120 2000.000 0.000 -1.011
6 300.00 100.00 37 136 90 4.120 2000.000 0.000 -1.011
7 350.00 100.00 36 155 101 4.120 2000.000 0.000 -1.011
8 400.00 100.00 25 147 115 4.120 2000.000 0.000 -1.011
9 450.00 100.00 37 142 98 4.120 2000.000 0.000 -1.011
10 500.00 100.00 26 131 96 4.120 2000.000 0.000 -1.011
11 550.00 100.00 34 125 70 4.120 2000.000 0.000 -1.011
12 600.00 100.00 42 127 81 4.120 2000.000 0.000 -1.011
13 650.00 100.00 48 141 90 4.120 2000.000 0.000 -1.011
14 700.00 100.00 37 114 86 4.120 2000.000 0.000 -1.011
15 750.00 100.00 40 120 94 4.120 2000.000 0.000 -1.011
16 800.00 100.00 31 125 87 4.120 2000.000 0.000 -1.011
17 850.00 100.00 26 146 108 4.120 2000.000 0.000 -1.011
18 900.00 100.00 24 159 108 4.120 2000.000 0.000 -1.011
19 950.00 100.00 27 126 102 4.120 2000.000 0.000 -1.011
