* begin:	08/09/2023 11:45:34
* script file:	D:\data\Cycle 192ter\exp_3-16-14\rawdata\sc\TOF_S2_alpha_ifg.cfg
*
* no cfg file, sc file created manually
* 0	1.9885254	10.0	44735	2269	61043	109228	3777012338	47004	0.0000000	0.0000000
* Date: 08/09/2023	Time: 12:05
* Pulsetime (탎):0.000003	Looptime (탎): 434.000000	BinWidth (탎): 3.000000	BinCount: 145	measured time (s): 1200.005000
* Bin NR >>  탎  >>  rec.time  >>  Counts O  >>  Counts AUX
* begin of data:
0	0.00	1200.01	176	404
1	3.00	1200.01	362	780
2	6.00	1200.01	328	757
3	9.00	1200.01	341	721
4	12.00	1200.01	347	778
5	15.00	1200.01	321	695
6	18.00	1200.01	326	654
7	21.00	1200.01	332	654
8	24.00	1200.01	327	607
9	27.00	1200.01	291	626
10	30.00	1200.01	300	611
11	33.00	1200.01	292	614
12	36.00	1200.01	268	706
13	39.00	1200.01	278	699
14	42.00	1200.01	267	777
15	45.00	1200.01	269	821
16	48.00	1200.01	250	837
17	51.00	1200.01	266	855
18	54.00	1200.01	262	937
19	57.00	1200.01	258	938
20	60.00	1200.01	300	920
21	63.00	1200.01	257	887
22	66.00	1200.01	287	924
23	69.00	1200.01	277	916
24	72.00	1200.01	317	939
25	75.00	1200.01	279	889
26	78.00	1200.01	315	834
27	81.00	1200.01	312	899
28	84.00	1200.01	329	898
29	87.00	1200.01	341	770
30	90.00	1200.01	325	772
31	93.00	1200.01	348	738
32	96.00	1200.01	322	677
33	99.00	1200.01	373	725
34	102.00	1200.01	335	643
35	105.00	1200.01	347	577
36	108.00	1200.01	370	596
37	111.00	1200.01	346	534
38	114.00	1200.01	332	534
39	117.00	1200.01	318	544
40	120.00	1200.01	339	551
41	123.00	1200.01	357	544
42	126.00	1200.01	309	621
43	129.00	1200.01	290	600
44	132.00	1200.01	295	710
45	135.00	1200.01	257	672
46	138.00	1200.01	290	703
47	141.00	1200.01	303	760
48	144.00	1200.01	276	833
49	147.00	1200.01	257	833
50	150.00	1200.01	306	899
51	153.00	1200.01	246	875
52	156.00	1200.01	267	911
53	159.00	1200.01	291	896
54	162.00	1200.01	298	916
55	165.00	1200.01	274	876
56	168.00	1200.01	274	954
57	171.00	1200.01	312	928
58	174.00	1200.01	333	906
59	177.00	1200.01	316	948
60	180.00	1200.01	307	920
61	183.00	1200.01	343	834
62	186.00	1200.01	327	803
63	189.00	1200.01	330	838
64	192.00	1200.01	344	772
65	195.00	1200.01	343	736
66	198.00	1200.01	370	656
67	201.00	1200.01	352	647
68	204.00	1200.01	364	612
69	207.00	1200.01	325	594
70	210.00	1200.01	351	561
71	213.00	1200.01	324	593
72	216.00	1200.01	339	541
73	219.00	1200.01	331	550
74	222.00	1200.01	315	567
75	225.00	1200.01	315	577
76	228.00	1200.01	335	637
77	231.00	1200.01	325	633
78	234.00	1200.01	290	704
79	237.00	1200.01	280	750
80	240.00	1200.01	281	780
81	243.00	1200.01	313	752
82	246.00	1200.01	281	848
83	249.00	1200.01	297	835
84	252.00	1200.01	299	910
85	255.00	1200.01	301	818
86	258.00	1200.01	320	924
87	261.00	1200.01	264	922
88	264.00	1200.01	303	945
89	267.00	1200.01	347	967
90	270.00	1200.01	313	915
91	273.00	1200.01	291	928
92	276.00	1200.01	326	965
93	279.00	1200.01	303	882
94	282.00	1200.01	276	889
95	285.00	1200.01	312	777
96	288.00	1200.01	294	836
97	291.00	1200.01	255	746
98	294.00	1200.01	302	723
99	297.00	1200.01	293	706
100	300.00	1200.01	293	702
101	303.00	1200.01	270	596
102	306.00	1200.01	269	601
103	309.00	1200.01	290	611
104	312.00	1200.01	299	581
105	315.00	1200.01	354	556
106	318.00	1200.01	347	545
107	321.00	1200.01	324	538
108	324.00	1200.01	331	559
109	327.00	1200.01	315	609
110	330.00	1200.01	352	651
111	333.00	1200.01	313	660
112	336.00	1200.01	356	719
113	339.00	1200.01	340	730
114	342.00	1200.01	361	785
115	345.00	1200.01	292	721
116	348.00	1200.01	319	848
117	351.00	1200.01	355	887
118	354.00	1200.01	310	858
119	357.00	1200.01	298	946
120	360.00	1200.01	324	911
121	363.00	1200.01	303	909
122	366.00	1200.01	295	967
123	369.00	1200.01	300	962
124	372.00	1200.01	296	921
125	375.00	1200.01	294	906
126	378.00	1200.01	262	912
127	381.00	1200.01	265	859
128	384.00	1200.01	286	835
129	387.00	1200.01	240	783
130	390.00	1200.01	261	761
131	393.00	1200.01	274	710
132	396.00	1200.01	274	733
133	399.00	1200.01	263	646
134	402.00	1200.01	303	638
135	405.00	1200.01	295	594
136	408.00	1200.01	298	579
137	411.00	1200.01	293	594
138	414.00	1200.01	366	640
139	417.00	1200.01	357	614
140	420.00	1200.01	282	705
141	423.00	1200.01	328	717
142	426.00	1200.01	306	746
143	429.00	1200.01	354	751
144	432.00	1200.01	391	780
* remarks:	room to enter remarks
*
* 1	-1.9885254	10.0	292	2269	61043	392	3777012370	2561	0.0000000	0.0000000
* Date: 08/09/2023	Time: 12:06
* Pulsetime (탎):0.000003	Looptime (탎): 434.000000	BinWidth (탎): 3.000000	BinCount: 145	measured time (s): 20.003000
* Bin NR >>  탎  >>  rec.time  >>  Counts O  >>  Counts AUX
* begin of data:
0	0.00	20.00	0	0
1	3.00	20.00	0	0
2	6.00	20.00	3	4
3	9.00	20.00	1	1
4	12.00	20.00	1	4
5	15.00	20.00	1	0
6	18.00	20.00	1	0
7	21.00	20.00	2	1
8	24.00	20.00	0	1
9	27.00	20.00	2	1
10	30.00	20.00	1	2
11	33.00	20.00	4	1
12	36.00	20.00	6	0
13	39.00	20.00	3	0
14	42.00	20.00	4	0
15	45.00	20.00	2	3
16	48.00	20.00	3	3
17	51.00	20.00	2	1
18	54.00	20.00	4	3
19	57.00	20.00	2	1
20	60.00	20.00	2	1
21	63.00	20.00	5	1
22	66.00	20.00	1	1
23	69.00	20.00	2	2
24	72.00	20.00	1	0
25	75.00	20.00	2	3
26	78.00	20.00	1	2
27	81.00	20.00	1	4
28	84.00	20.00	1	5
29	87.00	20.00	2	7
30	90.00	20.00	2	4
31	93.00	20.00	1	4
32	96.00	20.00	2	6
33	99.00	20.00	4	13
34	102.00	20.00	1	6
35	105.00	20.00	0	6
36	108.00	20.00	1	9
37	111.00	20.00	3	3
38	114.00	20.00	2	6
39	117.00	20.00	3	5
40	120.00	20.00	3	3
41	123.00	20.00	1	1
42	126.00	20.00	4	1
43	129.00	20.00	1	2
44	132.00	20.00	2	2
45	135.00	20.00	4	1
46	138.00	20.00	3	1
47	141.00	20.00	1	3
48	144.00	20.00	5	0
49	147.00	20.00	3	4
50	150.00	20.00	1	0
51	153.00	20.00	2	1
52	156.00	20.00	3	0
53	159.00	20.00	1	2
54	162.00	20.00	5	0
55	165.00	20.00	3	2
56	168.00	20.00	2	1
57	171.00	20.00	0	2
58	174.00	20.00	3	3
59	177.00	20.00	1	2
60	180.00	20.00	2	1
61	183.00	20.00	2	5
62	186.00	20.00	1	4
63	189.00	20.00	1	7
64	192.00	20.00	1	2
65	195.00	20.00	1	1
66	198.00	20.00	2	4
67	201.00	20.00	1	7
68	204.00	20.00	2	2
69	207.00	20.00	5	3
70	210.00	20.00	1	4
71	213.00	20.00	1	2
72	216.00	20.00	0	5
73	219.00	20.00	3	1
74	222.00	20.00	2	2
75	225.00	20.00	1	1
76	228.00	20.00	3	2
77	231.00	20.00	4	2
78	234.00	20.00	1	1
79	237.00	20.00	2	0
80	240.00	20.00	1	3
81	243.00	20.00	3	1
82	246.00	20.00	2	8
83	249.00	20.00	5	3
84	252.00	20.00	1	2
85	255.00	20.00	2	3
86	258.00	20.00	3	3
87	261.00	20.00	2	4
88	264.00	20.00	1	3
89	267.00	20.00	3	3
90	270.00	20.00	3	2
91	273.00	20.00	1	1
92	276.00	20.00	1	3
93	279.00	20.00	0	7
94	282.00	20.00	1	2
95	285.00	20.00	2	3
96	288.00	20.00	1	3
97	291.00	20.00	2	2
98	294.00	20.00	0	6
99	297.00	20.00	1	5
100	300.00	20.00	0	3
101	303.00	20.00	3	5
102	306.00	20.00	4	4
103	309.00	20.00	3	6
104	312.00	20.00	1	5
105	315.00	20.00	1	3
106	318.00	20.00	0	3
107	321.00	20.00	2	0
108	324.00	20.00	1	1
109	327.00	20.00	0	2
110	330.00	20.00	1	1
111	333.00	20.00	2	2
112	336.00	20.00	1	2
113	339.00	20.00	2	1
114	342.00	20.00	0	2
115	345.00	20.00	2	3
116	348.00	20.00	5	3
117	351.00	20.00	2	2
118	354.00	20.00	2	2
119	357.00	20.00	5	3
120	360.00	20.00	2	0
121	363.00	20.00	1	0
122	366.00	20.00	1	1
123	369.00	20.00	1	1
124	372.00	20.00	9	1
125	375.00	20.00	4	4
126	378.00	20.00	3	3
127	381.00	20.00	4	3
128	384.00	20.00	1	5
129	387.00	20.00	2	3
130	390.00	20.00	2	4
131	393.00	20.00	3	4
132	396.00	20.00	2	7
133	399.00	20.00	2	3
134	402.00	20.00	1	6
135	405.00	20.00	1	5
136	408.00	20.00	1	2
137	411.00	20.00	0	5
138	414.00	20.00	0	1
139	417.00	20.00	3	2
140	420.00	20.00	3	4
141	423.00	20.00	2	1
142	426.00	20.00	0	3
143	429.00	20.00	6	1
144	432.00	20.00	3	2
* 2	-1.8017578	10.0	224	2269	61043	417	3777012397	2493	0.0000000	0.0000000
* Date: 08/09/2023	Time: 12:06
* Pulsetime (탎):0.000003	Looptime (탎): 434.000000	BinWidth (탎): 3.000000	BinCount: 145	measured time (s): 20.002000
* Bin NR >>  탎  >>  rec.time  >>  Counts O  >>  Counts AUX
* begin of data:
0	0.00	20.00	0	2
1	3.00	20.00	0	13
2	6.00	20.00	2	9
3	9.00	20.00	1	2
4	12.00	20.00	3	2
5	15.00	20.00	1	1
6	18.00	20.00	1	1
7	21.00	20.00	3	5
8	24.00	20.00	2	0
9	27.00	20.00	1	2
10	30.00	20.00	0	4
11	33.00	20.00	2	4
12	36.00	20.00	3	3
13	39.00	20.00	2	0
14	42.00	20.00	2	4
15	45.00	20.00	1	3
16	48.00	20.00	2	3
17	51.00	20.00	1	3
18	54.00	20.00	3	7
19	57.00	20.00	0	8
20	60.00	20.00	0	6
21	63.00	20.00	3	2
22	66.00	20.00	2	6
23	69.00	20.00	0	1
24	72.00	20.00	2	0
25	75.00	20.00	1	3
26	78.00	20.00	3	2
27	81.00	20.00	2	1
28	84.00	20.00	2	1
29	87.00	20.00	1	2
30	90.00	20.00	0	1
31	93.00	20.00	2	3
32	96.00	20.00	4	1
33	99.00	20.00	3	0
34	102.00	20.00	1	3
35	105.00	20.00	4	4
36	108.00	20.00	2	0
37	111.00	20.00	1	3
38	114.00	20.00	1	0
39	117.00	20.00	2	2
40	120.00	20.00	0	3
41	123.00	20.00	1	1
42	126.00	20.00	1	6
43	129.00	20.00	2	1
44	132.00	20.00	2	5
45	135.00	20.00	1	3
46	138.00	20.00	2	4
47	141.00	20.00	1	6
48	144.00	20.00	1	4
49	147.00	20.00	0	3
50	150.00	20.00	2	6
51	153.00	20.00	0	4
52	156.00	20.00	1	4
53	159.00	20.00	1	2
54	162.00	20.00	2	3
55	165.00	20.00	0	4
56	168.00	20.00	0	2
57	171.00	20.00	2	3
58	174.00	20.00	3	3
59	177.00	20.00	4	0
60	180.00	20.00	3	2
61	183.00	20.00	2	1
62	186.00	20.00	2	0
63	189.00	20.00	0	3
64	192.00	20.00	2	3
65	195.00	20.00	1	1
66	198.00	20.00	0	4
67	201.00	20.00	2	2
68	204.00	20.00	3	1
69	207.00	20.00	1	2
70	210.00	20.00	1	3
71	213.00	20.00	4	0
72	216.00	20.00	3	2
73	219.00	20.00	0	1
74	222.00	20.00	3	1
75	225.00	20.00	1	1
76	228.00	20.00	0	6
77	231.00	20.00	1	4
78	234.00	20.00	0	4
79	237.00	20.00	1	7
80	240.00	20.00	1	0
81	243.00	20.00	5	4
82	246.00	20.00	4	8
83	249.00	20.00	0	5
84	252.00	20.00	2	1
85	255.00	20.00	2	9
86	258.00	20.00	1	4
87	261.00	20.00	0	4
88	264.00	20.00	3	4
89	267.00	20.00	2	3
90	270.00	20.00	0	1
91	273.00	20.00	3	3
92	276.00	20.00	2	3
93	279.00	20.00	2	2
94	282.00	20.00	2	3
95	285.00	20.00	1	0
96	288.00	20.00	3	1
97	291.00	20.00	0	3
98	294.00	20.00	2	3
99	297.00	20.00	0	1
100	300.00	20.00	0	2
101	303.00	20.00	0	3
102	306.00	20.00	2	2
103	309.00	20.00	4	8
104	312.00	20.00	0	0
105	315.00	20.00	0	0
106	318.00	20.00	2	0
107	321.00	20.00	1	0
108	324.00	20.00	0	3
109	327.00	20.00	0	2
110	330.00	20.00	2	2
111	333.00	20.00	0	4
112	336.00	20.00	3	2
113	339.00	20.00	1	7
114	342.00	20.00	1	3
115	345.00	20.00	1	0
116	348.00	20.00	0	3
117	351.00	20.00	1	6
118	354.00	20.00	2	6
119	357.00	20.00	2	2
120	360.00	20.00	2	5
121	363.00	20.00	0	7
122	366.00	20.00	4	2
123	369.00	20.00	0	3
124	372.00	20.00	5	1
125	375.00	20.00	1	4
126	378.00	20.00	1	1
127	381.00	20.00	1	2
128	384.00	20.00	5	1
129	387.00	20.00	1	3
130	390.00	20.00	2	1
131	393.00	20.00	3	3
132	396.00	20.00	1	2
133	399.00	20.00	0	3
134	402.00	20.00	2	0
135	405.00	20.00	1	1
136	408.00	20.00	2	1
137	411.00	20.00	2	2
138	414.00	20.00	4	2
139	417.00	20.00	1	1
140	420.00	20.00	2	2
141	423.00	20.00	1	5
142	426.00	20.00	1	5
143	429.00	20.00	0	4
144	432.00	20.00	3	5
* 3	-1.6040039	10.0	291	2269	61043	791	3777012425	2560	0.0000000	0.0000000
* Date: 08/09/2023	Time: 12:07
* Pulsetime (탎):0.000003	Looptime (탎): 434.000000	BinWidth (탎): 3.000000	BinCount: 145	measured time (s): 20.004000
* Bin NR >>  탎  >>  rec.time  >>  Counts O  >>  Counts AUX
* begin of data:
0	0.00	20.00	1	3
1	3.00	20.00	3	6
2	6.00	20.00	3	9
3	9.00	20.00	1	6
4	12.00	20.00	3	8
5	15.00	20.00	1	10
6	18.00	20.00	1	11
7	21.00	20.00	3	4
8	24.00	20.00	2	8
9	27.00	20.00	2	2
10	30.00	20.00	1	4
11	33.00	20.00	1	2
12	36.00	20.00	0	7
13	39.00	20.00	0	7
14	42.00	20.00	1	7
15	45.00	20.00	1	6
16	48.00	20.00	1	3
17	51.00	20.00	2	7
18	54.00	20.00	3	9
19	57.00	20.00	3	7
20	60.00	20.00	2	9
21	63.00	20.00	1	8
22	66.00	20.00	1	9
23	69.00	20.00	0	6
24	72.00	20.00	1	7
25	75.00	20.00	1	5
26	78.00	20.00	5	1
27	81.00	20.00	2	3
28	84.00	20.00	1	0
29	87.00	20.00	5	1
30	90.00	20.00	0	1
31	93.00	20.00	2	1
32	96.00	20.00	5	3
33	99.00	20.00	2	0
34	102.00	20.00	5	5
35	105.00	20.00	2	1
36	108.00	20.00	0	2
37	111.00	20.00	1	2
38	114.00	20.00	2	4
39	117.00	20.00	1	4
40	120.00	20.00	1	4
41	123.00	20.00	4	4
42	126.00	20.00	2	4
43	129.00	20.00	1	9
44	132.00	20.00	0	11
45	135.00	20.00	2	12
46	138.00	20.00	2	8
47	141.00	20.00	2	13
48	144.00	20.00	1	10
49	147.00	20.00	1	11
50	150.00	20.00	2	5
51	153.00	20.00	3	13
52	156.00	20.00	2	8
53	159.00	20.00	2	6
54	162.00	20.00	3	5
55	165.00	20.00	4	8
56	168.00	20.00	1	8
57	171.00	20.00	2	5
58	174.00	20.00	2	7
59	177.00	20.00	3	10
60	180.00	20.00	1	6
61	183.00	20.00	5	4
62	186.00	20.00	5	3
63	189.00	20.00	1	4
64	192.00	20.00	4	0
65	195.00	20.00	3	3
66	198.00	20.00	3	5
67	201.00	20.00	3	3
68	204.00	20.00	2	0
69	207.00	20.00	2	1
70	210.00	20.00	1	5
71	213.00	20.00	0	3
72	216.00	20.00	0	1
73	219.00	20.00	2	3
74	222.00	20.00	0	1
75	225.00	20.00	1	7
76	228.00	20.00	1	7
77	231.00	20.00	0	6
78	234.00	20.00	1	9
79	237.00	20.00	2	7
80	240.00	20.00	1	12
81	243.00	20.00	5	11
82	246.00	20.00	1	8
83	249.00	20.00	2	12
84	252.00	20.00	2	9
85	255.00	20.00	4	10
86	258.00	20.00	0	7
87	261.00	20.00	1	8
88	264.00	20.00	2	9
89	267.00	20.00	1	3
90	270.00	20.00	3	13
91	273.00	20.00	1	6
92	276.00	20.00	2	3
93	279.00	20.00	2	5
94	282.00	20.00	3	2
95	285.00	20.00	4	1
96	288.00	20.00	1	3
97	291.00	20.00	2	1
98	294.00	20.00	1	3
99	297.00	20.00	3	0
100	300.00	20.00	3	0
101	303.00	20.00	1	1
102	306.00	20.00	2	3
103	309.00	20.00	4	3
104	312.00	20.00	0	6
105	315.00	20.00	1	2
106	318.00	20.00	5	5
107	321.00	20.00	0	2
108	324.00	20.00	3	3
109	327.00	20.00	2	6
110	330.00	20.00	0	3
111	333.00	20.00	3	12
112	336.00	20.00	5	9
113	339.00	20.00	0	10
114	342.00	20.00	3	9
115	345.00	20.00	2	8
116	348.00	20.00	1	11
117	351.00	20.00	1	8
118	354.00	20.00	2	15
119	357.00	20.00	4	5
120	360.00	20.00	0	8
121	363.00	20.00	2	8
122	366.00	20.00	2	9
123	369.00	20.00	1	8
124	372.00	20.00	0	9
125	375.00	20.00	2	2
126	378.00	20.00	1	3
127	381.00	20.00	2	0
128	384.00	20.00	1	6
129	387.00	20.00	1	1
130	390.00	20.00	4	6
131	393.00	20.00	0	1
132	396.00	20.00	4	1
133	399.00	20.00	2	1
134	402.00	20.00	2	1
135	405.00	20.00	3	2
136	408.00	20.00	3	7
137	411.00	20.00	2	2
138	414.00	20.00	2	5
139	417.00	20.00	4	3
140	420.00	20.00	3	2
141	423.00	20.00	5	6
142	426.00	20.00	3	5
143	429.00	20.00	4	5
144	432.00	20.00	5	5
* 4	-1.4062500	10.0	426	2269	61043	1425	3777012453	2695	0.0000000	0.0000000
* Date: 08/09/2023	Time: 12:07
* Pulsetime (탎):0.000003	Looptime (탎): 434.000000	BinWidth (탎): 3.000000	BinCount: 145	measured time (s): 20.027000
* Bin NR >>  탎  >>  rec.time  >>  Counts O  >>  Counts AUX
* begin of data:
0	0.00	20.03	2	6
1	3.00	20.03	1	10
2	6.00	20.03	5	11
3	9.00	20.03	3	11
4	12.00	20.03	3	10
5	15.00	20.03	3	10
6	18.00	20.03	5	10
7	21.00	20.03	2	13
8	24.00	20.03	3	15
9	27.00	20.03	2	13
10	30.00	20.03	3	9
11	33.00	20.03	0	10
12	36.00	20.03	1	7
13	39.00	20.03	2	6
14	42.00	20.03	1	14
15	45.00	20.03	3	13
16	48.00	20.03	1	16
17	51.00	20.03	3	16
18	54.00	20.03	3	13
19	57.00	20.03	3	13
20	60.00	20.03	3	14
21	63.00	20.03	1	10
22	66.00	20.03	5	10
23	69.00	20.03	3	10
24	72.00	20.03	1	12
25	75.00	20.03	6	12
26	78.00	20.03	1	8
27	81.00	20.03	9	6
28	84.00	20.03	2	4
29	87.00	20.03	1	5
30	90.00	20.03	1	4
31	93.00	20.03	4	2
32	96.00	20.03	8	9
33	99.00	20.03	4	4
34	102.00	20.03	7	11
35	105.00	20.03	4	3
36	108.00	20.03	3	5
37	111.00	20.03	2	5
38	114.00	20.03	3	12
39	117.00	20.03	2	7
40	120.00	20.03	0	8
41	123.00	20.03	3	7
42	126.00	20.03	5	11
43	129.00	20.03	2	13
44	132.00	20.03	1	11
45	135.00	20.03	1	13
46	138.00	20.03	0	7
47	141.00	20.03	0	13
48	144.00	20.03	2	12
49	147.00	20.03	1	14
50	150.00	20.03	4	15
51	153.00	20.03	0	16
52	156.00	20.03	6	10
53	159.00	20.03	4	12
54	162.00	20.03	5	15
55	165.00	20.03	0	7
56	168.00	20.03	1	11
57	171.00	20.03	3	15
58	174.00	20.03	6	10
59	177.00	20.03	8	7
60	180.00	20.03	2	9
61	183.00	20.03	5	2
62	186.00	20.03	4	7
63	189.00	20.03	2	4
64	192.00	20.03	4	4
65	195.00	20.03	3	4
66	198.00	20.03	6	6
67	201.00	20.03	3	4
68	204.00	20.03	3	6
69	207.00	20.03	4	6
70	210.00	20.03	2	3
71	213.00	20.03	2	12
72	216.00	20.03	1	5
73	219.00	20.03	3	11
74	222.00	20.03	2	14
75	225.00	20.03	1	14
76	228.00	20.03	1	12
77	231.00	20.03	0	11
78	234.00	20.03	0	15
79	237.00	20.03	1	14
80	240.00	20.03	0	16
81	243.00	20.03	1	17
82	246.00	20.03	1	29
83	249.00	20.03	1	11
84	252.00	20.03	1	11
85	255.00	20.03	2	11
86	258.00	20.03	2	17
87	261.00	20.03	5	11
88	264.00	20.03	2	22
89	267.00	20.03	3	14
90	270.00	20.03	1	12
91	273.00	20.03	3	6
92	276.00	20.03	4	5
93	279.00	20.03	9	7
94	282.00	20.03	8	6
95	285.00	20.03	3	12
96	288.00	20.03	1	7
97	291.00	20.03	4	8
98	294.00	20.03	4	6
99	297.00	20.03	2	8
100	300.00	20.03	1	4
101	303.00	20.03	2	4
102	306.00	20.03	5	10
103	309.00	20.03	3	7
104	312.00	20.03	2	10
105	315.00	20.03	1	5
106	318.00	20.03	3	11
107	321.00	20.03	4	11
108	324.00	20.03	7	7
109	327.00	20.03	5	11
110	330.00	20.03	4	14
111	333.00	20.03	4	18
112	336.00	20.03	5	11
113	339.00	20.03	3	14
114	342.00	20.03	2	10
115	345.00	20.03	4	16
116	348.00	20.03	4	23
117	351.00	20.03	3	16
118	354.00	20.03	2	15
119	357.00	20.03	4	8
120	360.00	20.03	2	19
121	363.00	20.03	2	12
122	366.00	20.03	4	9
123	369.00	20.03	0	14
124	372.00	20.03	3	8
125	375.00	20.03	0	5
126	378.00	20.03	5	5
127	381.00	20.03	1	1
128	384.00	20.03	3	7
129	387.00	20.03	0	5
130	390.00	20.03	0	2
131	393.00	20.03	3	5
132	396.00	20.03	7	3
133	399.00	20.03	4	8
134	402.00	20.03	3	4
135	405.00	20.03	4	7
136	408.00	20.03	6	2
137	411.00	20.03	4	5
138	414.00	20.03	2	6
139	417.00	20.03	2	14
140	420.00	20.03	3	8
141	423.00	20.03	6	8
142	426.00	20.03	2	7
143	429.00	20.03	9	10
144	432.00	20.03	4	18
* 5	-1.1975098	10.0	636	2269	61043	2007	3777012480	2905	0.0000000	0.0000000
* Date: 08/09/2023	Time: 12:08
* Pulsetime (탎):0.000003	Looptime (탎): 434.000000	BinWidth (탎): 3.000000	BinCount: 145	measured time (s): 20.035000
* Bin NR >>  탎  >>  rec.time  >>  Counts O  >>  Counts AUX
* begin of data:
0	0.00	20.04	0	8
1	3.00	20.04	5	16
2	6.00	20.04	4	20
3	9.00	20.04	5	13
4	12.00	20.04	5	25
5	15.00	20.04	6	20
6	18.00	20.04	2	17
7	21.00	20.04	2	12
8	24.00	20.04	7	13
9	27.00	20.04	5	16
10	30.00	20.04	2	13
11	33.00	20.04	2	10
12	36.00	20.04	6	11
13	39.00	20.04	4	18
14	42.00	20.04	1	16
15	45.00	20.04	2	14
16	48.00	20.04	2	15
17	51.00	20.04	2	15
18	54.00	20.04	3	15
19	57.00	20.04	5	11
20	60.00	20.04	8	20
21	63.00	20.04	5	16
22	66.00	20.04	7	9
23	69.00	20.04	6	12
24	72.00	20.04	5	16
25	75.00	20.04	5	13
26	78.00	20.04	3	14
27	81.00	20.04	3	15
28	84.00	20.04	8	11
29	87.00	20.04	2	5
30	90.00	20.04	5	7
31	93.00	20.04	7	3
32	96.00	20.04	6	6
33	99.00	20.04	3	8
34	102.00	20.04	2	9
35	105.00	20.04	3	9
36	108.00	20.04	5	18
37	111.00	20.04	5	13
38	114.00	20.04	5	12
39	117.00	20.04	2	15
40	120.00	20.04	4	21
41	123.00	20.04	1	11
42	126.00	20.04	2	12
43	129.00	20.04	2	13
44	132.00	20.04	5	18
45	135.00	20.04	5	17
46	138.00	20.04	3	14
47	141.00	20.04	1	26
48	144.00	20.04	5	14
49	147.00	20.04	3	18
50	150.00	20.04	5	19
51	153.00	20.04	4	25
52	156.00	20.04	5	16
53	159.00	20.04	3	20
54	162.00	20.04	6	16
55	165.00	20.04	6	12
56	168.00	20.04	6	15
57	171.00	20.04	2	15
58	174.00	20.04	4	12
59	177.00	20.04	1	13
60	180.00	20.04	8	17
61	183.00	20.04	4	14
62	186.00	20.04	9	7
63	189.00	20.04	4	15
64	192.00	20.04	13	11
65	195.00	20.04	2	11
66	198.00	20.04	4	11
67	201.00	20.04	5	9
68	204.00	20.04	9	4
69	207.00	20.04	5	8
70	210.00	20.04	3	15
71	213.00	20.04	6	7
72	216.00	20.04	4	15
73	219.00	20.04	4	23
74	222.00	20.04	2	10
75	225.00	20.04	2	15
76	228.00	20.04	3	17
77	231.00	20.04	2	20
78	234.00	20.04	3	18
79	237.00	20.04	1	17
80	240.00	20.04	0	15
81	243.00	20.04	4	15
82	246.00	20.04	2	25
83	249.00	20.04	0	19
84	252.00	20.04	6	12
85	255.00	20.04	3	19
86	258.00	20.04	6	17
87	261.00	20.04	5	10
88	264.00	20.04	5	23
89	267.00	20.04	2	14
90	270.00	20.04	7	18
91	273.00	20.04	9	15
92	276.00	20.04	5	13
93	279.00	20.04	4	14
94	282.00	20.04	5	15
95	285.00	20.04	3	14
96	288.00	20.04	5	12
97	291.00	20.04	4	10
98	294.00	20.04	6	10
99	297.00	20.04	4	10
100	300.00	20.04	4	6
101	303.00	20.04	3	7
102	306.00	20.04	5	8
103	309.00	20.04	3	6
104	312.00	20.04	6	8
105	315.00	20.04	5	13
106	318.00	20.04	4	11
107	321.00	20.04	7	18
108	324.00	20.04	11	14
109	327.00	20.04	11	16
110	330.00	20.04	7	23
111	333.00	20.04	6	15
112	336.00	20.04	8	20
113	339.00	20.04	2	21
114	342.00	20.04	7	16
115	345.00	20.04	5	19
116	348.00	20.04	6	14
117	351.00	20.04	6	20
118	354.00	20.04	0	14
119	357.00	20.04	6	18
120	360.00	20.04	3	7
121	363.00	20.04	9	16
122	366.00	20.04	1	17
123	369.00	20.04	4	21
124	372.00	20.04	1	12
125	375.00	20.04	4	10
126	378.00	20.04	2	16
127	381.00	20.04	3	12
128	384.00	20.04	4	6
129	387.00	20.04	5	9
130	390.00	20.04	7	7
131	393.00	20.04	3	10
132	396.00	20.04	4	4
133	399.00	20.04	3	11
134	402.00	20.04	4	13
135	405.00	20.04	5	10
136	408.00	20.04	3	11
137	411.00	20.04	6	11
138	414.00	20.04	6	8
139	417.00	20.04	2	8
140	420.00	20.04	1	11
141	423.00	20.04	9	19
142	426.00	20.04	4	15
143	429.00	20.04	7	17
144	432.00	20.04	7	16
* 6	-0.9997559	10.0	815	2269	61043	2337	3777012508	3084	0.0000000	0.0000000
* Date: 08/09/2023	Time: 12:08
* Pulsetime (탎):0.000003	Looptime (탎): 434.000000	BinWidth (탎): 3.000000	BinCount: 145	measured time (s): 20.040000
* Bin NR >>  탎  >>  rec.time  >>  Counts O  >>  Counts AUX
* begin of data:
0	0.00	20.04	4	10
1	3.00	20.04	1	14
2	6.00	20.04	6	15
3	9.00	20.04	6	20
4	12.00	20.04	9	14
5	15.00	20.04	5	25
6	18.00	20.04	4	10
7	21.00	20.04	6	19
8	24.00	20.04	6	11
9	27.00	20.04	5	20
10	30.00	20.04	6	17
11	33.00	20.04	2	23
12	36.00	20.04	7	18
13	39.00	20.04	4	26
14	42.00	20.04	4	24
15	45.00	20.04	5	19
16	48.00	20.04	5	11
17	51.00	20.04	6	13
18	54.00	20.04	7	16
19	57.00	20.04	6	16
20	60.00	20.04	4	16
21	63.00	20.04	1	20
22	66.00	20.04	6	19
23	69.00	20.04	6	17
24	72.00	20.04	6	17
25	75.00	20.04	7	18
26	78.00	20.04	8	12
27	81.00	20.04	9	14
28	84.00	20.04	5	16
29	87.00	20.04	4	18
30	90.00	20.04	5	16
31	93.00	20.04	5	14
32	96.00	20.04	6	17
33	99.00	20.04	5	12
34	102.00	20.04	6	12
35	105.00	20.04	5	16
36	108.00	20.04	8	21
37	111.00	20.04	10	22
38	114.00	20.04	8	17
39	117.00	20.04	2	13
40	120.00	20.04	6	15
41	123.00	20.04	9	12
42	126.00	20.04	4	14
43	129.00	20.04	5	14
44	132.00	20.04	5	18
45	135.00	20.04	8	14
46	138.00	20.04	5	10
47	141.00	20.04	3	18
48	144.00	20.04	5	12
49	147.00	20.04	4	20
50	150.00	20.04	4	12
51	153.00	20.04	5	24
52	156.00	20.04	3	15
53	159.00	20.04	4	12
54	162.00	20.04	6	12
55	165.00	20.04	7	18
56	168.00	20.04	4	26
57	171.00	20.04	7	22
58	174.00	20.04	8	15
59	177.00	20.04	5	10
60	180.00	20.04	11	16
61	183.00	20.04	5	23
62	186.00	20.04	5	12
63	189.00	20.04	8	12
64	192.00	20.04	7	15
65	195.00	20.04	9	12
66	198.00	20.04	2	17
67	201.00	20.04	9	14
68	204.00	20.04	6	12
69	207.00	20.04	7	10
70	210.00	20.04	7	17
71	213.00	20.04	10	16
72	216.00	20.04	4	5
73	219.00	20.04	6	15
74	222.00	20.04	2	10
75	225.00	20.04	6	21
76	228.00	20.04	4	17
77	231.00	20.04	3	20
78	234.00	20.04	5	15
79	237.00	20.04	4	32
80	240.00	20.04	5	11
81	243.00	20.04	4	11
82	246.00	20.04	5	17
83	249.00	20.04	4	14
84	252.00	20.04	9	18
85	255.00	20.04	5	16
86	258.00	20.04	4	18
87	261.00	20.04	4	14
88	264.00	20.04	4	24
89	267.00	20.04	5	18
90	270.00	20.04	4	24
91	273.00	20.04	5	13
92	276.00	20.04	6	11
93	279.00	20.04	8	18
94	282.00	20.04	8	11
95	285.00	20.04	8	17
96	288.00	20.04	6	15
97	291.00	20.04	4	16
98	294.00	20.04	5	8
99	297.00	20.04	6	21
100	300.00	20.04	6	16
101	303.00	20.04	10	15
102	306.00	20.04	5	16
103	309.00	20.04	8	15
104	312.00	20.04	4	15
105	315.00	20.04	3	20
106	318.00	20.04	5	13
107	321.00	20.04	11	11
108	324.00	20.04	7	11
109	327.00	20.04	10	24
110	330.00	20.04	6	13
111	333.00	20.04	10	20
112	336.00	20.04	4	14
113	339.00	20.04	6	13
114	342.00	20.04	8	12
115	345.00	20.04	8	16
116	348.00	20.04	5	15
117	351.00	20.04	8	19
118	354.00	20.04	5	25
119	357.00	20.04	5	17
120	360.00	20.04	4	22
121	363.00	20.04	2	16
122	366.00	20.04	7	19
123	369.00	20.04	3	24
124	372.00	20.04	6	22
125	375.00	20.04	3	11
126	378.00	20.04	4	19
127	381.00	20.04	6	11
128	384.00	20.04	5	14
129	387.00	20.04	3	22
130	390.00	20.04	10	13
131	393.00	20.04	5	15
132	396.00	20.04	7	15
133	399.00	20.04	2	20
134	402.00	20.04	4	13
135	405.00	20.04	5	18
136	408.00	20.04	8	11
137	411.00	20.04	3	15
138	414.00	20.04	7	9
139	417.00	20.04	5	13
140	420.00	20.04	1	17
141	423.00	20.04	5	15
142	426.00	20.04	6	18
143	429.00	20.04	4	10
144	432.00	20.04	9	21
* 7	-0.8129883	10.0	834	2269	61043	2113	3777012535	3103	0.0000000	0.0000000
* Date: 08/09/2023	Time: 12:08
* Pulsetime (탎):0.000003	Looptime (탎): 434.000000	BinWidth (탎): 3.000000	BinCount: 145	measured time (s): 20.016000
* Bin NR >>  탎  >>  rec.time  >>  Counts O  >>  Counts AUX
* begin of data:
0	0.00	20.02	0	9
1	3.00	20.02	5	16
2	6.00	20.02	6	12
3	9.00	20.02	5	14
4	12.00	20.02	3	15
5	15.00	20.02	1	15
6	18.00	20.02	4	16
7	21.00	20.02	2	11
8	24.00	20.02	2	20
9	27.00	20.02	6	15
10	30.00	20.02	4	16
11	33.00	20.02	5	13
12	36.00	20.02	5	9
13	39.00	20.02	2	18
14	42.00	20.02	9	17
15	45.00	20.02	3	22
16	48.00	20.02	12	14
17	51.00	20.02	5	14
18	54.00	20.02	5	20
19	57.00	20.02	8	9
20	60.00	20.02	12	14
21	63.00	20.02	11	22
22	66.00	20.02	0	17
23	69.00	20.02	4	12
24	72.00	20.02	7	16
25	75.00	20.02	4	15
26	78.00	20.02	9	28
27	81.00	20.02	8	13
28	84.00	20.02	11	12
29	87.00	20.02	10	15
30	90.00	20.02	3	18
31	93.00	20.02	10	14
32	96.00	20.02	4	17
33	99.00	20.02	10	14
34	102.00	20.02	4	12
35	105.00	20.02	7	13
36	108.00	20.02	4	18
37	111.00	20.02	5	24
38	114.00	20.02	4	17
39	117.00	20.02	3	16
40	120.00	20.02	3	10
41	123.00	20.02	5	22
42	126.00	20.02	8	20
43	129.00	20.02	9	12
44	132.00	20.02	5	11
45	135.00	20.02	3	18
46	138.00	20.02	3	14
47	141.00	20.02	5	10
48	144.00	20.02	6	17
49	147.00	20.02	6	7
50	150.00	20.02	8	7
51	153.00	20.02	2	9
52	156.00	20.02	3	7
53	159.00	20.02	6	14
54	162.00	20.02	8	23
55	165.00	20.02	6	12
56	168.00	20.02	5	12
57	171.00	20.02	1	15
58	174.00	20.02	5	16
59	177.00	20.02	7	14
60	180.00	20.02	4	15
61	183.00	20.02	4	17
62	186.00	20.02	11	16
63	189.00	20.02	3	19
64	192.00	20.02	5	11
65	195.00	20.02	6	15
66	198.00	20.02	2	13
67	201.00	20.02	9	18
68	204.00	20.02	5	10
69	207.00	20.02	10	13
70	210.00	20.02	8	16
71	213.00	20.02	8	13
72	216.00	20.02	8	20
73	219.00	20.02	5	12
74	222.00	20.02	6	13
75	225.00	20.02	8	14
76	228.00	20.02	1	15
77	231.00	20.02	9	13
78	234.00	20.02	5	12
79	237.00	20.02	4	11
80	240.00	20.02	7	14
81	243.00	20.02	8	11
82	246.00	20.02	9	9
83	249.00	20.02	4	11
84	252.00	20.02	7	16
85	255.00	20.02	11	15
86	258.00	20.02	4	15
87	261.00	20.02	3	18
88	264.00	20.02	6	12
89	267.00	20.02	1	18
90	270.00	20.02	10	12
91	273.00	20.02	4	21
92	276.00	20.02	2	13
93	279.00	20.02	10	16
94	282.00	20.02	11	20
95	285.00	20.02	5	15
96	288.00	20.02	5	13
97	291.00	20.02	4	16
98	294.00	20.02	5	13
99	297.00	20.02	7	16
100	300.00	20.02	3	9
101	303.00	20.02	4	19
102	306.00	20.02	7	20
103	309.00	20.02	10	8
104	312.00	20.02	10	16
105	315.00	20.02	6	18
106	318.00	20.02	5	16
107	321.00	20.02	6	12
108	324.00	20.02	3	11
109	327.00	20.02	3	14
110	330.00	20.02	7	18
111	333.00	20.02	8	9
112	336.00	20.02	8	14
113	339.00	20.02	4	11
114	342.00	20.02	5	6
115	345.00	20.02	6	13
116	348.00	20.02	3	18
117	351.00	20.02	8	9
118	354.00	20.02	4	14
119	357.00	20.02	3	14
120	360.00	20.02	6	14
121	363.00	20.02	9	16
122	366.00	20.02	10	18
123	369.00	20.02	4	13
124	372.00	20.02	6	13
125	375.00	20.02	3	15
126	378.00	20.02	7	18
127	381.00	20.02	5	15
128	384.00	20.02	6	12
129	387.00	20.02	2	9
130	390.00	20.02	12	18
131	393.00	20.02	2	15
132	396.00	20.02	8	18
133	399.00	20.02	5	19
134	402.00	20.02	3	17
135	405.00	20.02	5	15
136	408.00	20.02	4	15
137	411.00	20.02	2	14
138	414.00	20.02	8	14
139	417.00	20.02	6	16
140	420.00	20.02	9	14
141	423.00	20.02	7	12
142	426.00	20.02	6	15
143	429.00	20.02	5	15
144	432.00	20.02	11	11
* 8	-0.6042480	10.0	782	2269	61043	1934	3777012563	3051	0.0000000	0.0000000
* Date: 08/09/2023	Time: 12:09
* Pulsetime (탎):0.000003	Looptime (탎): 434.000000	BinWidth (탎): 3.000000	BinCount: 145	measured time (s): 20.007000
* Bin NR >>  탎  >>  rec.time  >>  Counts O  >>  Counts AUX
* begin of data:
0	0.00	20.01	2	6
1	3.00	20.01	5	12
2	6.00	20.01	3	7
3	9.00	20.01	8	10
4	12.00	20.01	7	11
5	15.00	20.01	6	11
6	18.00	20.01	10	12
7	21.00	20.01	6	11
8	24.00	20.01	8	17
9	27.00	20.01	7	8
10	30.00	20.01	8	6
11	33.00	20.01	7	15
12	36.00	20.01	6	11
13	39.00	20.01	4	12
14	42.00	20.01	4	11
15	45.00	20.01	6	2
16	48.00	20.01	1	11
17	51.00	20.01	9	15
18	54.00	20.01	8	9
19	57.00	20.01	5	10
20	60.00	20.01	1	15
21	63.00	20.01	10	12
22	66.00	20.01	7	5
23	69.00	20.01	5	18
24	72.00	20.01	1	15
25	75.00	20.01	9	14
26	78.00	20.01	7	15
27	81.00	20.01	3	15
28	84.00	20.01	8	25
29	87.00	20.01	2	22
30	90.00	20.01	4	17
31	93.00	20.01	5	20
32	96.00	20.01	7	18
33	99.00	20.01	5	19
34	102.00	20.01	5	18
35	105.00	20.01	8	20
36	108.00	20.01	0	11
37	111.00	20.01	4	15
38	114.00	20.01	6	21
39	117.00	20.01	3	18
40	120.00	20.01	8	7
41	123.00	20.01	7	10
42	126.00	20.01	7	11
43	129.00	20.01	3	11
44	132.00	20.01	3	9
45	135.00	20.01	5	2
46	138.00	20.01	5	9
47	141.00	20.01	3	12
48	144.00	20.01	5	5
49	147.00	20.01	5	12
50	150.00	20.01	8	14
51	153.00	20.01	3	14
52	156.00	20.01	4	16
53	159.00	20.01	7	8
54	162.00	20.01	8	13
55	165.00	20.01	6	14
56	168.00	20.01	5	9
57	171.00	20.01	3	11
58	174.00	20.01	5	9
59	177.00	20.01	5	12
60	180.00	20.01	0	7
61	183.00	20.01	4	13
62	186.00	20.01	1	17
63	189.00	20.01	2	16
64	192.00	20.01	4	30
65	195.00	20.01	8	19
66	198.00	20.01	10	17
67	201.00	20.01	4	20
68	204.00	20.01	8	13
69	207.00	20.01	4	16
70	210.00	20.01	8	18
71	213.00	20.01	9	16
72	216.00	20.01	5	11
73	219.00	20.01	5	9
74	222.00	20.01	7	12
75	225.00	20.01	3	18
76	228.00	20.01	9	12
77	231.00	20.01	7	6
78	234.00	20.01	7	9
79	237.00	20.01	4	13
80	240.00	20.01	6	15
81	243.00	20.01	9	8
82	246.00	20.01	6	6
83	249.00	20.01	6	6
84	252.00	20.01	5	11
85	255.00	20.01	5	7
86	258.00	20.01	6	10
87	261.00	20.01	7	8
88	264.00	20.01	3	11
89	267.00	20.01	6	13
90	270.00	20.01	3	18
91	273.00	20.01	6	16
92	276.00	20.01	5	16
93	279.00	20.01	5	16
94	282.00	20.01	8	18
95	285.00	20.01	8	26
96	288.00	20.01	5	17
97	291.00	20.01	8	13
98	294.00	20.01	7	16
99	297.00	20.01	7	19
100	300.00	20.01	3	15
101	303.00	20.01	5	16
102	306.00	20.01	4	17
103	309.00	20.01	8	9
104	312.00	20.01	4	19
105	315.00	20.01	4	13
106	318.00	20.01	2	16
107	321.00	20.01	5	20
108	324.00	20.01	3	11
109	327.00	20.01	3	19
110	330.00	20.01	6	11
111	333.00	20.01	0	11
112	336.00	20.01	3	9
113	339.00	20.01	4	11
114	342.00	20.01	4	10
115	345.00	20.01	8	5
116	348.00	20.01	6	10
117	351.00	20.01	7	9
118	354.00	20.01	5	11
119	357.00	20.01	5	13
120	360.00	20.01	6	11
121	363.00	20.01	7	13
122	366.00	20.01	5	8
123	369.00	20.01	6	13
124	372.00	20.01	6	16
125	375.00	20.01	10	17
126	378.00	20.01	8	20
127	381.00	20.01	3	20
128	384.00	20.01	6	15
129	387.00	20.01	8	16
130	390.00	20.01	5	19
131	393.00	20.01	7	16
132	396.00	20.01	7	18
133	399.00	20.01	5	10
134	402.00	20.01	4	9
135	405.00	20.01	5	16
136	408.00	20.01	4	16
137	411.00	20.01	3	18
138	414.00	20.01	5	14
139	417.00	20.01	2	15
140	420.00	20.01	8	14
141	423.00	20.01	5	17
142	426.00	20.01	2	11
143	429.00	20.01	6	14
144	432.00	20.01	4	13
* 9	-0.3955078	10.0	608	2269	61043	1368	3777012590	2877	0.0000000	0.0000000
* Date: 08/09/2023	Time: 12:09
* Pulsetime (탎):0.000003	Looptime (탎): 434.000000	BinWidth (탎): 3.000000	BinCount: 145	measured time (s): 20.004000
* Bin NR >>  탎  >>  rec.time  >>  Counts O  >>  Counts AUX
* begin of data:
0	0.00	20.00	0	7
1	3.00	20.00	1	4
2	6.00	20.00	3	3
3	9.00	20.00	6	2
4	12.00	20.00	4	7
5	15.00	20.00	3	6
6	18.00	20.00	2	9
7	21.00	20.00	8	6
8	24.00	20.00	4	13
9	27.00	20.00	5	6
10	30.00	20.00	7	14
11	33.00	20.00	7	10
12	36.00	20.00	5	14
13	39.00	20.00	7	9
14	42.00	20.00	7	6
15	45.00	20.00	8	3
16	48.00	20.00	3	14
17	51.00	20.00	6	7
18	54.00	20.00	7	7
19	57.00	20.00	2	6
20	60.00	20.00	5	15
21	63.00	20.00	4	4
22	66.00	20.00	3	6
23	69.00	20.00	4	6
24	72.00	20.00	6	7
25	75.00	20.00	2	5
26	78.00	20.00	3	5
27	81.00	20.00	4	7
28	84.00	20.00	1	9
29	87.00	20.00	2	15
30	90.00	20.00	4	21
31	93.00	20.00	4	11
32	96.00	20.00	4	13
33	99.00	20.00	3	16
34	102.00	20.00	3	16
35	105.00	20.00	3	22
36	108.00	20.00	3	15
37	111.00	20.00	5	7
38	114.00	20.00	1	9
39	117.00	20.00	4	17
40	120.00	20.00	4	14
41	123.00	20.00	5	8
42	126.00	20.00	9	6
43	129.00	20.00	5	6
44	132.00	20.00	5	8
45	135.00	20.00	2	6
46	138.00	20.00	2	14
47	141.00	20.00	2	8
48	144.00	20.00	7	4
49	147.00	20.00	8	1
50	150.00	20.00	3	3
51	153.00	20.00	4	4
52	156.00	20.00	5	7
53	159.00	20.00	2	2
54	162.00	20.00	2	6
55	165.00	20.00	7	5
56	168.00	20.00	4	9
57	171.00	20.00	4	9
58	174.00	20.00	6	11
59	177.00	20.00	4	8
60	180.00	20.00	1	9
61	183.00	20.00	4	13
62	186.00	20.00	2	13
63	189.00	20.00	4	13
64	192.00	20.00	2	21
65	195.00	20.00	1	12
66	198.00	20.00	5	10
67	201.00	20.00	7	8
68	204.00	20.00	3	21
69	207.00	20.00	4	11
70	210.00	20.00	11	14
71	213.00	20.00	7	12
72	216.00	20.00	7	14
73	219.00	20.00	9	9
74	222.00	20.00	5	7
75	225.00	20.00	5	5
76	228.00	20.00	5	6
77	231.00	20.00	5	9
78	234.00	20.00	10	3
79	237.00	20.00	5	5
80	240.00	20.00	1	4
81	243.00	20.00	3	9
82	246.00	20.00	4	2
83	249.00	20.00	1	7
84	252.00	20.00	9	8
85	255.00	20.00	8	5
86	258.00	20.00	4	8
87	261.00	20.00	1	8
88	264.00	20.00	7	10
89	267.00	20.00	4	8
90	270.00	20.00	4	7
91	273.00	20.00	2	15
92	276.00	20.00	1	11
93	279.00	20.00	6	14
94	282.00	20.00	5	12
95	285.00	20.00	3	19
96	288.00	20.00	4	6
97	291.00	20.00	4	15
98	294.00	20.00	7	14
99	297.00	20.00	5	12
100	300.00	20.00	5	8
101	303.00	20.00	5	13
102	306.00	20.00	5	9
103	309.00	20.00	2	15
104	312.00	20.00	5	16
105	315.00	20.00	3	14
106	318.00	20.00	8	11
107	321.00	20.00	5	15
108	324.00	20.00	3	10
109	327.00	20.00	1	8
110	330.00	20.00	5	5
111	333.00	20.00	2	10
112	336.00	20.00	5	1
113	339.00	20.00	6	5
114	342.00	20.00	4	2
115	345.00	20.00	4	4
116	348.00	20.00	2	1
117	351.00	20.00	1	5
118	354.00	20.00	3	7
119	357.00	20.00	5	6
120	360.00	20.00	6	10
121	363.00	20.00	3	6
122	366.00	20.00	5	12
123	369.00	20.00	1	7
124	372.00	20.00	8	10
125	375.00	20.00	5	11
126	378.00	20.00	6	13
127	381.00	20.00	1	22
128	384.00	20.00	1	9
129	387.00	20.00	6	15
130	390.00	20.00	5	12
131	393.00	20.00	5	20
132	396.00	20.00	2	14
133	399.00	20.00	3	13
134	402.00	20.00	4	13
135	405.00	20.00	4	13
136	408.00	20.00	2	16
137	411.00	20.00	2	7
138	414.00	20.00	3	6
139	417.00	20.00	3	9
140	420.00	20.00	1	15
141	423.00	20.00	2	10
142	426.00	20.00	5	8
143	429.00	20.00	2	1
144	432.00	20.00	6	3
* 10	-0.1977539	10.0	416	2269	61043	730	3777012618	2685	0.0000000	0.0000000
* Date: 08/09/2023	Time: 12:10
* Pulsetime (탎):0.000003	Looptime (탎): 434.000000	BinWidth (탎): 3.000000	BinCount: 145	measured time (s): 20.001000
* Bin NR >>  탎  >>  rec.time  >>  Counts O  >>  Counts AUX
* begin of data:
0	0.00	20.00	1	0
1	3.00	20.00	4	6
2	6.00	20.00	1	2
3	9.00	20.00	7	1
4	12.00	20.00	2	3
5	15.00	20.00	4	4
6	18.00	20.00	8	4
7	21.00	20.00	3	4
8	24.00	20.00	5	2
9	27.00	20.00	2	3
10	30.00	20.00	6	5
11	33.00	20.00	6	2
12	36.00	20.00	3	7
13	39.00	20.00	5	4
14	42.00	20.00	5	8
15	45.00	20.00	5	4
16	48.00	20.00	3	5
17	51.00	20.00	3	2
18	54.00	20.00	1	1
19	57.00	20.00	6	2
20	60.00	20.00	0	2
21	63.00	20.00	4	3
22	66.00	20.00	1	2
23	69.00	20.00	5	2
24	72.00	20.00	1	5
25	75.00	20.00	1	4
26	78.00	20.00	1	5
27	81.00	20.00	4	6
28	84.00	20.00	1	9
29	87.00	20.00	0	3
30	90.00	20.00	0	11
31	93.00	20.00	1	7
32	96.00	20.00	1	14
33	99.00	20.00	1	12
34	102.00	20.00	5	9
35	105.00	20.00	1	5
36	108.00	20.00	4	10
37	111.00	20.00	2	6
38	114.00	20.00	3	8
39	117.00	20.00	3	4
40	120.00	20.00	4	5
41	123.00	20.00	2	3
42	126.00	20.00	7	5
43	129.00	20.00	6	3
44	132.00	20.00	1	2
45	135.00	20.00	3	2
46	138.00	20.00	4	2
47	141.00	20.00	3	2
48	144.00	20.00	2	3
49	147.00	20.00	2	0
50	150.00	20.00	4	4
51	153.00	20.00	4	2
52	156.00	20.00	2	2
53	159.00	20.00	5	2
54	162.00	20.00	1	1
55	165.00	20.00	4	0
56	168.00	20.00	2	5
57	171.00	20.00	2	1
58	174.00	20.00	3	1
59	177.00	20.00	1	6
60	180.00	20.00	3	7
61	183.00	20.00	1	9
62	186.00	20.00	2	11
63	189.00	20.00	2	13
64	192.00	20.00	0	10
65	195.00	20.00	1	6
66	198.00	20.00	5	8
67	201.00	20.00	4	12
68	204.00	20.00	2	12
69	207.00	20.00	3	5
70	210.00	20.00	2	12
71	213.00	20.00	1	10
72	216.00	20.00	2	13
73	219.00	20.00	4	5
74	222.00	20.00	3	2
75	225.00	20.00	5	4
76	228.00	20.00	2	2
77	231.00	20.00	6	4
78	234.00	20.00	6	2
79	237.00	20.00	4	3
80	240.00	20.00	4	3
81	243.00	20.00	6	0
82	246.00	20.00	5	2
83	249.00	20.00	3	2
84	252.00	20.00	5	3
85	255.00	20.00	4	3
86	258.00	20.00	4	0
87	261.00	20.00	2	1
88	264.00	20.00	3	4
89	267.00	20.00	0	2
90	270.00	20.00	3	3
91	273.00	20.00	4	6
92	276.00	20.00	0	6
93	279.00	20.00	0	11
94	282.00	20.00	3	9
95	285.00	20.00	3	7
96	288.00	20.00	1	8
97	291.00	20.00	4	7
98	294.00	20.00	1	6
99	297.00	20.00	1	11
100	300.00	20.00	1	11
101	303.00	20.00	2	11
102	306.00	20.00	5	13
103	309.00	20.00	2	3
104	312.00	20.00	2	6
105	315.00	20.00	5	8
106	318.00	20.00	1	6
107	321.00	20.00	2	2
108	324.00	20.00	5	6
109	327.00	20.00	4	1
110	330.00	20.00	2	3
111	333.00	20.00	1	3
112	336.00	20.00	4	3
113	339.00	20.00	2	1
114	342.00	20.00	0	1
115	345.00	20.00	2	1
116	348.00	20.00	2	1
117	351.00	20.00	7	2
118	354.00	20.00	2	1
119	357.00	20.00	3	3
120	360.00	20.00	4	1
121	363.00	20.00	4	3
122	366.00	20.00	6	1
123	369.00	20.00	5	4
124	372.00	20.00	1	5
125	375.00	20.00	8	9
126	378.00	20.00	3	7
127	381.00	20.00	5	3
128	384.00	20.00	3	8
129	387.00	20.00	1	11
130	390.00	20.00	0	7
131	393.00	20.00	1	15
132	396.00	20.00	2	9
133	399.00	20.00	6	8
134	402.00	20.00	4	7
135	405.00	20.00	1	5
136	408.00	20.00	1	11
137	411.00	20.00	1	8
138	414.00	20.00	0	6
139	417.00	20.00	2	6
140	420.00	20.00	4	8
141	423.00	20.00	1	2
142	426.00	20.00	2	6
143	429.00	20.00	1	2
144	432.00	20.00	1	1
* 11	-0.0109863	10.0	249	2269	61043	403	3777012646	2518	0.0000000	0.0000000
* Date: 08/09/2023	Time: 12:10
* Pulsetime (탎):0.000003	Looptime (탎): 434.000000	BinWidth (탎): 3.000000	BinCount: 145	measured time (s): 20.005000
* Bin NR >>  탎  >>  rec.time  >>  Counts O  >>  Counts AUX
* begin of data:
0	0.00	20.00	1	1
1	3.00	20.00	0	1
2	6.00	20.00	0	1
3	9.00	20.00	0	2
4	12.00	20.00	0	1
5	15.00	20.00	1	2
6	18.00	20.00	1	2
7	21.00	20.00	2	1
8	24.00	20.00	1	0
9	27.00	20.00	1	1
10	30.00	20.00	2	4
11	33.00	20.00	5	4
12	36.00	20.00	1	4
13	39.00	20.00	1	2
14	42.00	20.00	2	2
15	45.00	20.00	2	2
16	48.00	20.00	3	1
17	51.00	20.00	0	0
18	54.00	20.00	3	1
19	57.00	20.00	0	4
20	60.00	20.00	2	4
21	63.00	20.00	1	4
22	66.00	20.00	3	2
23	69.00	20.00	2	0
24	72.00	20.00	2	0
25	75.00	20.00	0	1
26	78.00	20.00	3	5
27	81.00	20.00	1	1
28	84.00	20.00	3	5
29	87.00	20.00	0	4
30	90.00	20.00	0	5
31	93.00	20.00	0	7
32	96.00	20.00	0	2
33	99.00	20.00	4	4
34	102.00	20.00	1	5
35	105.00	20.00	0	7
36	108.00	20.00	2	5
37	111.00	20.00	0	3
38	114.00	20.00	0	1
39	117.00	20.00	3	4
40	120.00	20.00	1	2
41	123.00	20.00	3	1
42	126.00	20.00	5	1
43	129.00	20.00	0	6
44	132.00	20.00	3	2
45	135.00	20.00	1	4
46	138.00	20.00	3	6
47	141.00	20.00	2	3
48	144.00	20.00	6	4
49	147.00	20.00	2	1
50	150.00	20.00	5	1
51	153.00	20.00	0	2
52	156.00	20.00	3	2
53	159.00	20.00	4	0
54	162.00	20.00	0	2
55	165.00	20.00	0	2
56	168.00	20.00	4	0
57	171.00	20.00	1	2
58	174.00	20.00	2	3
59	177.00	20.00	2	1
60	180.00	20.00	0	1
61	183.00	20.00	2	0
62	186.00	20.00	2	7
63	189.00	20.00	3	3
64	192.00	20.00	1	2
65	195.00	20.00	0	10
66	198.00	20.00	3	8
67	201.00	20.00	0	6
68	204.00	20.00	2	3
69	207.00	20.00	7	3
70	210.00	20.00	1	8
71	213.00	20.00	0	4
72	216.00	20.00	2	0
73	219.00	20.00	2	2
74	222.00	20.00	3	2
75	225.00	20.00	2	5
76	228.00	20.00	2	1
77	231.00	20.00	2	1
78	234.00	20.00	1	0
79	237.00	20.00	7	1
80	240.00	20.00	5	3
81	243.00	20.00	1	2
82	246.00	20.00	2	3
83	249.00	20.00	1	4
84	252.00	20.00	0	3
85	255.00	20.00	3	2
86	258.00	20.00	1	1
87	261.00	20.00	1	0
88	264.00	20.00	4	1
89	267.00	20.00	2	3
90	270.00	20.00	3	4
91	273.00	20.00	1	1
92	276.00	20.00	0	0
93	279.00	20.00	1	1
94	282.00	20.00	2	3
95	285.00	20.00	2	3
96	288.00	20.00	5	3
97	291.00	20.00	1	4
98	294.00	20.00	1	5
99	297.00	20.00	0	8
100	300.00	20.00	3	5
101	303.00	20.00	1	2
102	306.00	20.00	2	2
103	309.00	20.00	1	1
104	312.00	20.00	2	6
105	315.00	20.00	1	1
106	318.00	20.00	1	6
107	321.00	20.00	2	2
108	324.00	20.00	2	1
109	327.00	20.00	1	4
110	330.00	20.00	4	2
111	333.00	20.00	3	1
112	336.00	20.00	1	1
113	339.00	20.00	1	2
114	342.00	20.00	2	0
115	345.00	20.00	1	4
116	348.00	20.00	3	3
117	351.00	20.00	3	3
118	354.00	20.00	0	4
119	357.00	20.00	1	4
120	360.00	20.00	4	1
121	363.00	20.00	2	2
122	366.00	20.00	2	2
123	369.00	20.00	3	1
124	372.00	20.00	3	1
125	375.00	20.00	2	3
126	378.00	20.00	1	1
127	381.00	20.00	3	5
128	384.00	20.00	1	1
129	387.00	20.00	1	1
130	390.00	20.00	2	11
131	393.00	20.00	0	9
132	396.00	20.00	1	4
133	399.00	20.00	4	8
134	402.00	20.00	0	5
135	405.00	20.00	0	5
136	408.00	20.00	0	5
137	411.00	20.00	1	1
138	414.00	20.00	2	2
139	417.00	20.00	0	2
140	420.00	20.00	1	0
141	423.00	20.00	0	1
142	426.00	20.00	2	2
143	429.00	20.00	0	0
144	432.00	20.00	1	3
* 12	0.1977539	10.0	222	2269	61043	391	3777012673	2491	0.0000000	0.0000000
* Date: 08/09/2023	Time: 12:11
* Pulsetime (탎):0.000003	Looptime (탎): 434.000000	BinWidth (탎): 3.000000	BinCount: 145	measured time (s): 20.026000
* Bin NR >>  탎  >>  rec.time  >>  Counts O  >>  Counts AUX
* begin of data:
0	0.00	20.03	2	1
1	3.00	20.03	2	4
2	6.00	20.03	4	2
3	9.00	20.03	1	6
4	12.00	20.03	0	3
5	15.00	20.03	0	3
6	18.00	20.03	3	5
7	21.00	20.03	3	1
8	24.00	20.03	1	3
9	27.00	20.03	4	1
10	30.00	20.03	0	1
11	33.00	20.03	1	1
12	36.00	20.03	3	1
13	39.00	20.03	1	1
14	42.00	20.03	2	1
15	45.00	20.03	3	4
16	48.00	20.03	0	3
17	51.00	20.03	2	3
18	54.00	20.03	2	4
19	57.00	20.03	1	4
20	60.00	20.03	3	0
21	63.00	20.03	2	4
22	66.00	20.03	0	3
23	69.00	20.03	4	1
24	72.00	20.03	2	1
25	75.00	20.03	1	1
26	78.00	20.03	1	0
27	81.00	20.03	0	0
28	84.00	20.03	1	1
29	87.00	20.03	5	2
30	90.00	20.03	2	1
31	93.00	20.03	3	2
32	96.00	20.03	3	2
33	99.00	20.03	3	3
34	102.00	20.03	2	5
35	105.00	20.03	0	2
36	108.00	20.03	0	1
37	111.00	20.03	1	2
38	114.00	20.03	2	2
39	117.00	20.03	5	2
40	120.00	20.03	0	1
41	123.00	20.03	2	0
42	126.00	20.03	1	4
43	129.00	20.03	1	2
44	132.00	20.03	2	4
45	135.00	20.03	2	7
46	138.00	20.03	4	1
47	141.00	20.03	2	4
48	144.00	20.03	0	2
49	147.00	20.03	0	5
50	150.00	20.03	0	7
51	153.00	20.03	2	4
52	156.00	20.03	0	9
53	159.00	20.03	2	3
54	162.00	20.03	2	1
55	165.00	20.03	0	5
56	168.00	20.03	2	2
57	171.00	20.03	2	2
58	174.00	20.03	0	0
59	177.00	20.03	3	1
60	180.00	20.03	2	1
61	183.00	20.03	4	4
62	186.00	20.03	2	2
63	189.00	20.03	2	1
64	192.00	20.03	3	1
65	195.00	20.03	2	2
66	198.00	20.03	1	2
67	201.00	20.03	0	2
68	204.00	20.03	1	3
69	207.00	20.03	3	3
70	210.00	20.03	1	4
71	213.00	20.03	1	1
72	216.00	20.03	1	2
73	219.00	20.03	1	2
74	222.00	20.03	0	2
75	225.00	20.03	0	2
76	228.00	20.03	0	4
77	231.00	20.03	1	2
78	234.00	20.03	4	4
79	237.00	20.03	0	1
80	240.00	20.03	1	6
81	243.00	20.03	3	8
82	246.00	20.03	0	7
83	249.00	20.03	2	5
84	252.00	20.03	2	4
85	255.00	20.03	1	6
86	258.00	20.03	1	6
87	261.00	20.03	0	6
88	264.00	20.03	1	2
89	267.00	20.03	1	4
90	270.00	20.03	1	1
91	273.00	20.03	1	3
92	276.00	20.03	2	2
93	279.00	20.03	1	0
94	282.00	20.03	0	1
95	285.00	20.03	4	3
96	288.00	20.03	1	3
97	291.00	20.03	0	3
98	294.00	20.03	0	1
99	297.00	20.03	2	4
100	300.00	20.03	1	2
101	303.00	20.03	4	3
102	306.00	20.03	1	5
103	309.00	20.03	2	3
104	312.00	20.03	0	3
105	315.00	20.03	1	0
106	318.00	20.03	1	2
107	321.00	20.03	1	2
108	324.00	20.03	1	4
109	327.00	20.03	0	4
110	330.00	20.03	3	2
111	333.00	20.03	1	1
112	336.00	20.03	0	2
113	339.00	20.03	0	7
114	342.00	20.03	3	4
115	345.00	20.03	2	2
116	348.00	20.03	1	8
117	351.00	20.03	2	6
118	354.00	20.03	0	6
119	357.00	20.03	1	6
120	360.00	20.03	0	2
121	363.00	20.03	2	3
122	366.00	20.03	2	0
123	369.00	20.03	1	1
124	372.00	20.03	5	6
125	375.00	20.03	3	1
126	378.00	20.03	4	1
127	381.00	20.03	2	0
128	384.00	20.03	0	3
129	387.00	20.03	1	3
130	390.00	20.03	0	1
131	393.00	20.03	1	0
132	396.00	20.03	2	1
133	399.00	20.03	2	5
134	402.00	20.03	2	2
135	405.00	20.03	0	1
136	408.00	20.03	0	2
137	411.00	20.03	1	2
138	414.00	20.03	2	2
139	417.00	20.03	1	1
140	420.00	20.03	3	1
141	423.00	20.03	2	2
142	426.00	20.03	3	1
143	429.00	20.03	2	3
144	432.00	20.03	1	3
* 13	0.3845215	10.0	245	2269	61043	711	3777012701	2514	0.0000000	0.0000000
* Date: 08/09/2023	Time: 12:11
* Pulsetime (탎):0.000003	Looptime (탎): 434.000000	BinWidth (탎): 3.000000	BinCount: 145	measured time (s): 20.001000
* Bin NR >>  탎  >>  rec.time  >>  Counts O  >>  Counts AUX
* begin of data:
0	0.00	20.00	1	6
1	3.00	20.00	3	6
2	6.00	20.00	0	11
3	9.00	20.00	0	8
4	12.00	20.00	1	15
5	15.00	20.00	3	9
6	18.00	20.00	1	4
7	21.00	20.00	1	5
8	24.00	20.00	0	1
9	27.00	20.00	4	1
10	30.00	20.00	0	4
11	33.00	20.00	1	4
12	36.00	20.00	1	4
13	39.00	20.00	1	4
14	42.00	20.00	3	2
15	45.00	20.00	3	4
16	48.00	20.00	0	9
17	51.00	20.00	1	4
18	54.00	20.00	1	9
19	57.00	20.00	1	3
20	60.00	20.00	0	8
21	63.00	20.00	0	7
22	66.00	20.00	4	5
23	69.00	20.00	0	5
24	72.00	20.00	5	8
25	75.00	20.00	3	4
26	78.00	20.00	3	4
27	81.00	20.00	7	1
28	84.00	20.00	1	1
29	87.00	20.00	2	0
30	90.00	20.00	2	1
31	93.00	20.00	3	2
32	96.00	20.00	2	1
33	99.00	20.00	0	0
34	102.00	20.00	1	0
35	105.00	20.00	0	3
36	108.00	20.00	1	2
37	111.00	20.00	1	3
38	114.00	20.00	2	1
39	117.00	20.00	0	3
40	120.00	20.00	0	1
41	123.00	20.00	3	8
42	126.00	20.00	0	7
43	129.00	20.00	1	9
44	132.00	20.00	0	7
45	135.00	20.00	0	1
46	138.00	20.00	0	4
47	141.00	20.00	0	5
48	144.00	20.00	4	16
49	147.00	20.00	1	10
50	150.00	20.00	1	13
51	153.00	20.00	2	11
52	156.00	20.00	2	4
53	159.00	20.00	0	7
54	162.00	20.00	2	5
55	165.00	20.00	1	2
56	168.00	20.00	6	9
57	171.00	20.00	2	1
58	174.00	20.00	1	2
59	177.00	20.00	2	5
60	180.00	20.00	3	3
61	183.00	20.00	2	2
62	186.00	20.00	2	1
63	189.00	20.00	4	0
64	192.00	20.00	1	1
65	195.00	20.00	4	2
66	198.00	20.00	0	2
67	201.00	20.00	1	5
68	204.00	20.00	1	2
69	207.00	20.00	2	4
70	210.00	20.00	1	4
71	213.00	20.00	0	4
72	216.00	20.00	0	3
73	219.00	20.00	2	6
74	222.00	20.00	3	4
75	225.00	20.00	3	7
76	228.00	20.00	2	9
77	231.00	20.00	4	8
78	234.00	20.00	0	6
79	237.00	20.00	1	8
80	240.00	20.00	1	13
81	243.00	20.00	3	6
82	246.00	20.00	0	10
83	249.00	20.00	2	11
84	252.00	20.00	0	6
85	255.00	20.00	1	16
86	258.00	20.00	1	7
87	261.00	20.00	2	8
88	264.00	20.00	2	4
89	267.00	20.00	2	7
90	270.00	20.00	4	3
91	273.00	20.00	3	2
92	276.00	20.00	2	6
93	279.00	20.00	2	3
94	282.00	20.00	2	3
95	285.00	20.00	5	1
96	288.00	20.00	0	1
97	291.00	20.00	6	2
98	294.00	20.00	3	1
99	297.00	20.00	1	4
100	300.00	20.00	0	3
101	303.00	20.00	2	2
102	306.00	20.00	3	1
103	309.00	20.00	4	0
104	312.00	20.00	1	7
105	315.00	20.00	0	1
106	318.00	20.00	3	7
107	321.00	20.00	1	1
108	324.00	20.00	2	6
109	327.00	20.00	1	2
110	330.00	20.00	1	4
111	333.00	20.00	3	14
112	336.00	20.00	1	4
113	339.00	20.00	2	5
114	342.00	20.00	2	13
115	345.00	20.00	3	10
116	348.00	20.00	2	10
117	351.00	20.00	1	8
118	354.00	20.00	1	17
119	357.00	20.00	1	6
120	360.00	20.00	0	10
121	363.00	20.00	0	3
122	366.00	20.00	1	9
123	369.00	20.00	0	3
124	372.00	20.00	1	6
125	375.00	20.00	2	2
126	378.00	20.00	0	1
127	381.00	20.00	0	3
128	384.00	20.00	1	2
129	387.00	20.00	1	1
130	390.00	20.00	1	4
131	393.00	20.00	2	5
132	396.00	20.00	4	3
133	399.00	20.00	2	0
134	402.00	20.00	1	0
135	405.00	20.00	5	3
136	408.00	20.00	2	1
137	411.00	20.00	7	0
138	414.00	20.00	2	0
139	417.00	20.00	2	2
140	420.00	20.00	1	8
141	423.00	20.00	3	6
142	426.00	20.00	1	8
143	429.00	20.00	0	4
144	432.00	20.00	3	11
* 14	0.6042480	10.0	388	2269	61043	1268	3777012728	2657	0.0000000	0.0000000
* Date: 08/09/2023	Time: 12:12
* Pulsetime (탎):0.000003	Looptime (탎): 434.000000	BinWidth (탎): 3.000000	BinCount: 145	measured time (s): 20.006000
* Bin NR >>  탎  >>  rec.time  >>  Counts O  >>  Counts AUX
* begin of data:
0	0.00	20.01	0	6
1	3.00	20.01	3	8
2	6.00	20.01	2	9
3	9.00	20.01	5	11
4	12.00	20.01	5	11
5	15.00	20.01	4	7
6	18.00	20.01	2	9
7	21.00	20.01	3	11
8	24.00	20.01	0	13
9	27.00	20.01	0	13
10	30.00	20.01	0	10
11	33.00	20.01	0	10
12	36.00	20.01	0	18
13	39.00	20.01	1	12
14	42.00	20.01	1	13
15	45.00	20.01	2	11
16	48.00	20.01	3	9
17	51.00	20.01	5	11
18	54.00	20.01	2	14
19	57.00	20.01	4	11
20	60.00	20.01	1	13
21	63.00	20.01	4	10
22	66.00	20.01	2	9
23	69.00	20.01	3	6
24	72.00	20.01	1	11
25	75.00	20.01	3	3
26	78.00	20.01	5	6
27	81.00	20.01	4	2
28	84.00	20.01	5	3
29	87.00	20.01	4	6
30	90.00	20.01	6	1
31	93.00	20.01	3	3
32	96.00	20.01	2	4
33	99.00	20.01	2	2
34	102.00	20.01	1	3
35	105.00	20.01	3	4
36	108.00	20.01	1	3
37	111.00	20.01	0	3
38	114.00	20.01	5	7
39	117.00	20.01	2	4
40	120.00	20.01	3	3
41	123.00	20.01	2	13
42	126.00	20.01	1	14
43	129.00	20.01	0	8
44	132.00	20.01	1	13
45	135.00	20.01	1	11
46	138.00	20.01	1	13
47	141.00	20.01	3	12
48	144.00	20.01	1	16
49	147.00	20.01	1	16
50	150.00	20.01	5	14
51	153.00	20.01	2	16
52	156.00	20.01	1	11
53	159.00	20.01	2	14
54	162.00	20.01	1	19
55	165.00	20.01	3	15
56	168.00	20.01	5	11
57	171.00	20.01	2	7
58	174.00	20.01	6	12
59	177.00	20.01	11	8
60	180.00	20.01	5	8
61	183.00	20.01	3	1
62	186.00	20.01	4	3
63	189.00	20.01	4	5
64	192.00	20.01	4	5
65	195.00	20.01	1	3
66	198.00	20.01	4	9
67	201.00	20.01	2	4
68	204.00	20.01	6	4
69	207.00	20.01	2	6
70	210.00	20.01	3	5
71	213.00	20.01	3	6
72	216.00	20.01	4	9
73	219.00	20.01	3	7
74	222.00	20.01	1	10
75	225.00	20.01	1	15
76	228.00	20.01	2	12
77	231.00	20.01	2	9
78	234.00	20.01	0	17
79	237.00	20.01	2	13
80	240.00	20.01	2	11
81	243.00	20.01	0	11
82	246.00	20.01	0	11
83	249.00	20.01	0	14
84	252.00	20.01	2	8
85	255.00	20.01	1	17
86	258.00	20.01	4	11
87	261.00	20.01	3	12
88	264.00	20.01	1	11
89	267.00	20.01	4	7
90	270.00	20.01	0	9
91	273.00	20.01	4	8
92	276.00	20.01	4	7
93	279.00	20.01	1	8
94	282.00	20.01	2	3
95	285.00	20.01	2	5
96	288.00	20.01	4	5
97	291.00	20.01	2	5
98	294.00	20.01	6	5
99	297.00	20.01	2	6
100	300.00	20.01	3	7
101	303.00	20.01	2	7
102	306.00	20.01	3	7
103	309.00	20.01	4	7
104	312.00	20.01	2	9
105	315.00	20.01	5	4
106	318.00	20.01	3	10
107	321.00	20.01	6	12
108	324.00	20.01	1	12
109	327.00	20.01	7	11
110	330.00	20.01	3	13
111	333.00	20.01	3	8
112	336.00	20.01	2	12
113	339.00	20.01	6	11
114	342.00	20.01	2	10
115	345.00	20.01	3	18
116	348.00	20.01	1	13
117	351.00	20.01	2	13
118	354.00	20.01	1	12
119	357.00	20.01	2	8
120	360.00	20.01	5	6
121	363.00	20.01	1	14
122	366.00	20.01	1	13
123	369.00	20.01	0	6
124	372.00	20.01	4	9
125	375.00	20.01	0	10
126	378.00	20.01	6	11
127	381.00	20.01	2	6
128	384.00	20.01	1	5
129	387.00	20.01	0	2
130	390.00	20.01	0	2
131	393.00	20.01	5	3
132	396.00	20.01	3	1
133	399.00	20.01	4	4
134	402.00	20.01	1	4
135	405.00	20.01	3	6
136	408.00	20.01	7	10
137	411.00	20.01	2	3
138	414.00	20.01	9	4
139	417.00	20.01	3	2
140	420.00	20.01	6	11
141	423.00	20.01	5	6
142	426.00	20.01	2	4
143	429.00	20.01	2	11
144	432.00	20.01	4	19
* 15	0.8020020	10.0	660	2269	61043	2005	3777012756	2929	0.0000000	0.0000000
* Date: 08/09/2023	Time: 12:12
* Pulsetime (탎):0.000003	Looptime (탎): 434.000000	BinWidth (탎): 3.000000	BinCount: 145	measured time (s): 20.006000
* Bin NR >>  탎  >>  rec.time  >>  Counts O  >>  Counts AUX
* begin of data:
0	0.00	20.01	1	11
1	3.00	20.01	7	13
2	6.00	20.01	8	17
3	9.00	20.01	5	15
4	12.00	20.01	3	18
5	15.00	20.01	3	13
6	18.00	20.01	7	14
7	21.00	20.01	6	11
8	24.00	20.01	3	15
9	27.00	20.01	4	20
10	30.00	20.01	4	15
11	33.00	20.01	4	12
12	36.00	20.01	5	15
13	39.00	20.01	3	10
14	42.00	20.01	2	19
15	45.00	20.01	3	14
16	48.00	20.01	7	17
17	51.00	20.01	5	14
18	54.00	20.01	5	17
19	57.00	20.01	2	18
20	60.00	20.01	5	15
21	63.00	20.01	4	17
22	66.00	20.01	7	13
23	69.00	20.01	4	22
24	72.00	20.01	8	13
25	75.00	20.01	4	17
26	78.00	20.01	7	9
27	81.00	20.01	6	16
28	84.00	20.01	8	14
29	87.00	20.01	6	10
30	90.00	20.01	6	14
31	93.00	20.01	3	10
32	96.00	20.01	4	13
33	99.00	20.01	5	8
34	102.00	20.01	5	12
35	105.00	20.01	7	9
36	108.00	20.01	5	17
37	111.00	20.01	1	6
38	114.00	20.01	4	16
39	117.00	20.01	3	8
40	120.00	20.01	2	16
41	123.00	20.01	9	12
42	126.00	20.01	7	9
43	129.00	20.01	6	14
44	132.00	20.01	0	22
45	135.00	20.01	4	15
46	138.00	20.01	5	15
47	141.00	20.01	7	11
48	144.00	20.01	3	17
49	147.00	20.01	5	18
50	150.00	20.01	3	22
51	153.00	20.01	4	15
52	156.00	20.01	6	24
53	159.00	20.01	4	25
54	162.00	20.01	4	19
55	165.00	20.01	2	17
56	168.00	20.01	4	17
57	171.00	20.01	7	16
58	174.00	20.01	9	17
59	177.00	20.01	7	17
60	180.00	20.01	2	12
61	183.00	20.01	3	9
62	186.00	20.01	4	6
63	189.00	20.01	4	3
64	192.00	20.01	5	9
65	195.00	20.01	6	12
66	198.00	20.01	7	11
67	201.00	20.01	9	10
68	204.00	20.01	4	12
69	207.00	20.01	7	9
70	210.00	20.01	3	13
71	213.00	20.01	7	9
72	216.00	20.01	6	10
73	219.00	20.01	5	12
74	222.00	20.01	3	14
75	225.00	20.01	2	16
76	228.00	20.01	2	20
77	231.00	20.01	3	22
78	234.00	20.01	3	13
79	237.00	20.01	3	12
80	240.00	20.01	5	17
81	243.00	20.01	2	13
82	246.00	20.01	5	14
83	249.00	20.01	2	22
84	252.00	20.01	2	19
85	255.00	20.01	4	11
86	258.00	20.01	4	15
87	261.00	20.01	5	17
88	264.00	20.01	9	11
89	267.00	20.01	11	15
90	270.00	20.01	5	14
91	273.00	20.01	9	18
92	276.00	20.01	5	9
93	279.00	20.01	2	12
94	282.00	20.01	4	16
95	285.00	20.01	3	16
96	288.00	20.01	5	15
97	291.00	20.01	3	4
98	294.00	20.01	8	11
99	297.00	20.01	6	7
100	300.00	20.01	6	6
101	303.00	20.01	2	11
102	306.00	20.01	5	13
103	309.00	20.01	4	8
104	312.00	20.01	2	14
105	315.00	20.01	2	23
106	318.00	20.01	5	15
107	321.00	20.01	4	12
108	324.00	20.01	4	16
109	327.00	20.01	4	14
110	330.00	20.01	5	10
111	333.00	20.01	5	18
112	336.00	20.01	5	16
113	339.00	20.01	5	13
114	342.00	20.01	5	17
115	345.00	20.01	4	15
116	348.00	20.01	7	18
117	351.00	20.01	4	21
118	354.00	20.01	6	16
119	357.00	20.01	3	16
120	360.00	20.01	4	18
121	363.00	20.01	3	18
122	366.00	20.01	2	17
123	369.00	20.01	6	14
124	372.00	20.01	2	14
125	375.00	20.01	3	11
126	378.00	20.01	1	10
127	381.00	20.01	1	12
128	384.00	20.01	3	13
129	387.00	20.01	3	6
130	390.00	20.01	10	11
131	393.00	20.01	3	8
132	396.00	20.01	1	8
133	399.00	20.01	0	4
134	402.00	20.01	8	6
135	405.00	20.01	3	15
136	408.00	20.01	4	6
137	411.00	20.01	8	12
138	414.00	20.01	1	11
139	417.00	20.01	7	18
140	420.00	20.01	3	14
141	423.00	20.01	6	8
142	426.00	20.01	4	18
143	429.00	20.01	5	16
144	432.00	20.01	3	17
* 16	0.9887695	10.0	790	2269	61043	2261	3777012783	3059	0.0000000	0.0000000
* Date: 08/09/2023	Time: 12:13
* Pulsetime (탎):0.000003	Looptime (탎): 434.000000	BinWidth (탎): 3.000000	BinCount: 145	measured time (s): 20.006000
* Bin NR >>  탎  >>  rec.time  >>  Counts O  >>  Counts AUX
* begin of data:
0	0.00	20.01	3	12
1	3.00	20.01	10	15
2	6.00	20.01	2	19
3	9.00	20.01	2	23
4	12.00	20.01	7	16
5	15.00	20.01	4	13
6	18.00	20.01	3	12
7	21.00	20.01	7	16
8	24.00	20.01	7	16
9	27.00	20.01	5	20
10	30.00	20.01	2	21
11	33.00	20.01	5	15
12	36.00	20.01	5	16
13	39.00	20.01	6	15
14	42.00	20.01	3	18
15	45.00	20.01	2	17
16	48.00	20.01	3	17
17	51.00	20.01	5	13
18	54.00	20.01	6	15
19	57.00	20.01	5	21
20	60.00	20.01	7	13
21	63.00	20.01	6	19
22	66.00	20.01	15	11
23	69.00	20.01	3	17
24	72.00	20.01	12	26
25	75.00	20.01	4	15
26	78.00	20.01	5	21
27	81.00	20.01	4	15
28	84.00	20.01	2	17
29	87.00	20.01	6	15
30	90.00	20.01	3	14
31	93.00	20.01	12	9
32	96.00	20.01	5	12
33	99.00	20.01	7	15
34	102.00	20.01	4	16
35	105.00	20.01	7	16
36	108.00	20.01	4	20
37	111.00	20.01	4	16
38	114.00	20.01	1	17
39	117.00	20.01	10	17
40	120.00	20.01	5	14
41	123.00	20.01	2	19
42	126.00	20.01	2	28
43	129.00	20.01	12	17
44	132.00	20.01	7	15
45	135.00	20.01	5	20
46	138.00	20.01	4	16
47	141.00	20.01	0	12
48	144.00	20.01	7	9
49	147.00	20.01	2	16
50	150.00	20.01	6	19
51	153.00	20.01	5	20
52	156.00	20.01	4	17
53	159.00	20.01	7	13
54	162.00	20.01	3	19
55	165.00	20.01	8	17
56	168.00	20.01	2	27
57	171.00	20.01	6	15
58	174.00	20.01	3	18
59	177.00	20.01	5	13
60	180.00	20.01	10	12
61	183.00	20.01	3	12
62	186.00	20.01	9	15
63	189.00	20.01	5	10
64	192.00	20.01	7	20
65	195.00	20.01	5	13
66	198.00	20.01	9	15
67	201.00	20.01	10	11
68	204.00	20.01	4	10
69	207.00	20.01	6	13
70	210.00	20.01	3	18
71	213.00	20.01	5	13
72	216.00	20.01	8	13
73	219.00	20.01	2	20
74	222.00	20.01	6	11
75	225.00	20.01	2	20
76	228.00	20.01	9	15
77	231.00	20.01	4	11
78	234.00	20.01	10	10
79	237.00	20.01	3	18
80	240.00	20.01	5	21
81	243.00	20.01	3	21
82	246.00	20.01	5	16
83	249.00	20.01	4	9
84	252.00	20.01	4	16
85	255.00	20.01	7	17
86	258.00	20.01	6	5
87	261.00	20.01	4	12
88	264.00	20.01	8	17
89	267.00	20.01	4	17
90	270.00	20.01	4	19
91	273.00	20.01	6	17
92	276.00	20.01	5	18
93	279.00	20.01	7	12
94	282.00	20.01	4	20
95	285.00	20.01	6	11
96	288.00	20.01	6	9
97	291.00	20.01	4	14
98	294.00	20.01	3	13
99	297.00	20.01	5	17
100	300.00	20.01	3	21
101	303.00	20.01	5	16
102	306.00	20.01	6	16
103	309.00	20.01	4	23
104	312.00	20.01	9	12
105	315.00	20.01	8	11
106	318.00	20.01	8	12
107	321.00	20.01	8	17
108	324.00	20.01	5	16
109	327.00	20.01	11	22
110	330.00	20.01	3	14
111	333.00	20.01	7	21
112	336.00	20.01	4	13
113	339.00	20.01	9	20
114	342.00	20.01	6	15
115	345.00	20.01	4	13
116	348.00	20.01	6	13
117	351.00	20.01	2	16
118	354.00	20.01	4	15
119	357.00	20.01	4	14
120	360.00	20.01	5	17
121	363.00	20.01	4	16
122	366.00	20.01	2	10
123	369.00	20.01	6	18
124	372.00	20.01	6	9
125	375.00	20.01	7	24
126	378.00	20.01	3	16
127	381.00	20.01	11	8
128	384.00	20.01	6	17
129	387.00	20.01	7	14
130	390.00	20.01	3	12
131	393.00	20.01	5	8
132	396.00	20.01	7	21
133	399.00	20.01	5	11
134	402.00	20.01	8	12
135	405.00	20.01	8	17
136	408.00	20.01	3	8
137	411.00	20.01	5	11
138	414.00	20.01	3	20
139	417.00	20.01	10	11
140	420.00	20.01	5	22
141	423.00	20.01	9	12
142	426.00	20.01	5	17
143	429.00	20.01	6	18
144	432.00	20.01	7	12
* 17	1.1865234	10.0	787	2269	61043	2210	3777012811	3056	0.0000000	0.0000000
* Date: 08/09/2023	Time: 12:13
* Pulsetime (탎):0.000003	Looptime (탎): 434.000000	BinWidth (탎): 3.000000	BinCount: 145	measured time (s): 20.001000
* Bin NR >>  탎  >>  rec.time  >>  Counts O  >>  Counts AUX
* begin of data:
0	0.00	20.00	1	4
1	3.00	20.00	4	15
2	6.00	20.00	10	18
3	9.00	20.00	8	15
4	12.00	20.00	4	15
5	15.00	20.00	1	12
6	18.00	20.00	4	13
7	21.00	20.00	2	12
8	24.00	20.00	5	12
9	27.00	20.00	3	19
10	30.00	20.00	5	13
11	33.00	20.00	5	17
12	36.00	20.00	6	12
13	39.00	20.00	5	17
14	42.00	20.00	7	16
15	45.00	20.00	8	23
16	48.00	20.00	4	19
17	51.00	20.00	4	9
18	54.00	20.00	9	12
19	57.00	20.00	5	10
20	60.00	20.00	6	14
21	63.00	20.00	3	12
22	66.00	20.00	9	25
23	69.00	20.00	6	10
24	72.00	20.00	3	22
25	75.00	20.00	9	16
26	78.00	20.00	6	11
27	81.00	20.00	2	13
28	84.00	20.00	4	10
29	87.00	20.00	4	11
30	90.00	20.00	8	19
31	93.00	20.00	2	11
32	96.00	20.00	9	19
33	99.00	20.00	6	21
34	102.00	20.00	3	11
35	105.00	20.00	3	13
36	108.00	20.00	4	18
37	111.00	20.00	4	14
38	114.00	20.00	5	16
39	117.00	20.00	3	8
40	120.00	20.00	7	20
41	123.00	20.00	7	17
42	126.00	20.00	6	18
43	129.00	20.00	4	22
44	132.00	20.00	4	11
45	135.00	20.00	3	13
46	138.00	20.00	6	14
47	141.00	20.00	6	20
48	144.00	20.00	3	13
49	147.00	20.00	4	12
50	150.00	20.00	8	11
51	153.00	20.00	2	16
52	156.00	20.00	2	17
53	159.00	20.00	9	6
54	162.00	20.00	4	19
55	165.00	20.00	4	16
56	168.00	20.00	3	12
57	171.00	20.00	7	16
58	174.00	20.00	7	12
59	177.00	20.00	4	6
60	180.00	20.00	2	20
61	183.00	20.00	5	16
62	186.00	20.00	4	16
63	189.00	20.00	4	25
64	192.00	20.00	5	13
65	195.00	20.00	7	24
66	198.00	20.00	6	21
67	201.00	20.00	4	13
68	204.00	20.00	13	18
69	207.00	20.00	9	20
70	210.00	20.00	8	13
71	213.00	20.00	4	17
72	216.00	20.00	2	10
73	219.00	20.00	10	20
74	222.00	20.00	2	16
75	225.00	20.00	6	12
76	228.00	20.00	2	11
77	231.00	20.00	2	9
78	234.00	20.00	6	22
79	237.00	20.00	8	11
80	240.00	20.00	8	18
81	243.00	20.00	3	12
82	246.00	20.00	5	10
83	249.00	20.00	8	9
84	252.00	20.00	5	17
85	255.00	20.00	6	10
86	258.00	20.00	4	18
87	261.00	20.00	6	14
88	264.00	20.00	10	11
89	267.00	20.00	4	10
90	270.00	20.00	6	17
91	273.00	20.00	5	13
92	276.00	20.00	2	13
93	279.00	20.00	2	11
94	282.00	20.00	5	14
95	285.00	20.00	7	28
96	288.00	20.00	9	18
97	291.00	20.00	8	8
98	294.00	20.00	12	14
99	297.00	20.00	7	17
100	300.00	20.00	4	17
101	303.00	20.00	5	14
102	306.00	20.00	8	16
103	309.00	20.00	4	21
104	312.00	20.00	6	24
105	315.00	20.00	7	13
106	318.00	20.00	6	17
107	321.00	20.00	4	13
108	324.00	20.00	5	11
109	327.00	20.00	8	18
110	330.00	20.00	4	23
111	333.00	20.00	7	16
112	336.00	20.00	8	11
113	339.00	20.00	7	8
114	342.00	20.00	8	19
115	345.00	20.00	4	11
116	348.00	20.00	4	13
117	351.00	20.00	6	13
118	354.00	20.00	6	9
119	357.00	20.00	5	14
120	360.00	20.00	5	14
121	363.00	20.00	2	10
122	366.00	20.00	4	21
123	369.00	20.00	6	18
124	372.00	20.00	7	18
125	375.00	20.00	7	14
126	378.00	20.00	8	18
127	381.00	20.00	9	16
128	384.00	20.00	7	20
129	387.00	20.00	2	8
130	390.00	20.00	3	22
131	393.00	20.00	11	16
132	396.00	20.00	4	18
133	399.00	20.00	4	11
134	402.00	20.00	1	30
135	405.00	20.00	6	21
136	408.00	20.00	5	10
137	411.00	20.00	7	20
138	414.00	20.00	9	15
139	417.00	20.00	6	23
140	420.00	20.00	7	22
141	423.00	20.00	8	14
142	426.00	20.00	6	21
143	429.00	20.00	2	17
144	432.00	20.00	3	14
* 18	1.3842773	10.0	733	2269	61043	1968	3777012839	3002	0.0000000	0.0000000
* Date: 08/09/2023	Time: 12:13
* Pulsetime (탎):0.000003	Looptime (탎): 434.000000	BinWidth (탎): 3.000000	BinCount: 145	measured time (s): 20.019000
* Bin NR >>  탎  >>  rec.time  >>  Counts O  >>  Counts AUX
* begin of data:
0	0.00	20.02	0	7
1	3.00	20.02	3	11
2	6.00	20.02	8	12
3	9.00	20.02	4	14
4	12.00	20.02	5	5
5	15.00	20.02	7	8
6	18.00	20.02	8	17
7	21.00	20.02	4	13
8	24.00	20.02	12	21
9	27.00	20.02	2	15
10	30.00	20.02	7	15
11	33.00	20.02	6	15
12	36.00	20.02	3	9
13	39.00	20.02	5	12
14	42.00	20.02	7	14
15	45.00	20.02	7	12
16	48.00	20.02	5	18
17	51.00	20.02	10	14
18	54.00	20.02	4	14
19	57.00	20.02	8	5
20	60.00	20.02	6	11
21	63.00	20.02	1	14
22	66.00	20.02	4	17
23	69.00	20.02	7	22
24	72.00	20.02	4	18
25	75.00	20.02	3	21
26	78.00	20.02	5	22
27	81.00	20.02	5	19
28	84.00	20.02	9	14
29	87.00	20.02	3	7
30	90.00	20.02	5	13
31	93.00	20.02	1	17
32	96.00	20.02	4	20
33	99.00	20.02	4	19
34	102.00	20.02	7	22
35	105.00	20.02	5	17
36	108.00	20.02	3	18
37	111.00	20.02	7	16
38	114.00	20.02	8	21
39	117.00	20.02	7	16
40	120.00	20.02	2	9
41	123.00	20.02	2	14
42	126.00	20.02	4	13
43	129.00	20.02	10	11
44	132.00	20.02	13	11
45	135.00	20.02	5	11
46	138.00	20.02	2	12
47	141.00	20.02	9	6
48	144.00	20.02	4	8
49	147.00	20.02	4	10
50	150.00	20.02	3	12
51	153.00	20.02	3	8
52	156.00	20.02	9	13
53	159.00	20.02	6	11
54	162.00	20.02	1	6
55	165.00	20.02	7	13
56	168.00	20.02	5	11
57	171.00	20.02	4	13
58	174.00	20.02	2	17
59	177.00	20.02	3	15
60	180.00	20.02	5	21
61	183.00	20.02	8	15
62	186.00	20.02	4	14
63	189.00	20.02	3	15
64	192.00	20.02	9	17
65	195.00	20.02	3	16
66	198.00	20.02	6	16
67	201.00	20.02	4	10
68	204.00	20.02	3	10
69	207.00	20.02	3	19
70	210.00	20.02	3	17
71	213.00	20.02	4	18
72	216.00	20.02	1	11
73	219.00	20.02	3	9
74	222.00	20.02	6	14
75	225.00	20.02	3	15
76	228.00	20.02	5	10
77	231.00	20.02	9	11
78	234.00	20.02	8	11
79	237.00	20.02	10	12
80	240.00	20.02	7	11
81	243.00	20.02	4	7
82	246.00	20.02	5	8
83	249.00	20.02	6	7
84	252.00	20.02	5	14
85	255.00	20.02	2	7
86	258.00	20.02	7	5
87	261.00	20.02	8	9
88	264.00	20.02	4	16
89	267.00	20.02	6	10
90	270.00	20.02	2	6
91	273.00	20.02	6	16
92	276.00	20.02	5	13
93	279.00	20.02	3	12
94	282.00	20.02	5	20
95	285.00	20.02	5	21
96	288.00	20.02	7	16
97	291.00	20.02	3	18
98	294.00	20.02	3	17
99	297.00	20.02	5	17
100	300.00	20.02	6	16
101	303.00	20.02	7	14
102	306.00	20.02	5	15
103	309.00	20.02	7	18
104	312.00	20.02	5	23
105	315.00	20.02	3	10
106	318.00	20.02	6	7
107	321.00	20.02	3	8
108	324.00	20.02	6	8
109	327.00	20.02	7	11
110	330.00	20.02	7	12
111	333.00	20.02	3	15
112	336.00	20.02	4	12
113	339.00	20.02	5	7
114	342.00	20.02	4	8
115	345.00	20.02	1	6
116	348.00	20.02	5	6
117	351.00	20.02	8	9
118	354.00	20.02	4	9
119	357.00	20.02	8	9
120	360.00	20.02	8	14
121	363.00	20.02	10	8
122	366.00	20.02	6	20
123	369.00	20.02	6	13
124	372.00	20.02	8	13
125	375.00	20.02	5	10
126	378.00	20.02	5	22
127	381.00	20.02	5	16
128	384.00	20.02	5	20
129	387.00	20.02	4	18
130	390.00	20.02	3	19
131	393.00	20.02	6	20
132	396.00	20.02	7	19
133	399.00	20.02	3	14
134	402.00	20.02	6	19
135	405.00	20.02	7	12
136	408.00	20.02	6	19
137	411.00	20.02	3	16
138	414.00	20.02	3	20
139	417.00	20.02	1	15
140	420.00	20.02	1	15
141	423.00	20.02	2	8
142	426.00	20.02	3	15
143	429.00	20.02	2	15
144	432.00	20.02	2	13
* 19	1.6040039	10.0	632	2269	61043	1347	3777012866	2901	0.0000000	0.0000000
* Date: 08/09/2023	Time: 12:14
* Pulsetime (탎):0.000003	Looptime (탎): 434.000000	BinWidth (탎): 3.000000	BinCount: 145	measured time (s): 20.003000
* Bin NR >>  탎  >>  rec.time  >>  Counts O  >>  Counts AUX
* begin of data:
0	0.00	20.00	1	3
1	3.00	20.00	3	6
2	6.00	20.00	5	8
3	9.00	20.00	5	6
4	12.00	20.00	7	12
5	15.00	20.00	2	6
6	18.00	20.00	8	9
7	21.00	20.00	7	10
8	24.00	20.00	2	6
9	27.00	20.00	6	4
10	30.00	20.00	6	9
11	33.00	20.00	10	14
12	36.00	20.00	8	8
13	39.00	20.00	6	6
14	42.00	20.00	3	6
15	45.00	20.00	5	9
16	48.00	20.00	4	4
17	51.00	20.00	5	5
18	54.00	20.00	1	11
19	57.00	20.00	5	4
20	60.00	20.00	1	7
21	63.00	20.00	2	7
22	66.00	20.00	0	9
23	69.00	20.00	3	5
24	72.00	20.00	2	15
25	75.00	20.00	4	9
26	78.00	20.00	1	8
27	81.00	20.00	3	7
28	84.00	20.00	2	7
29	87.00	20.00	3	18
30	90.00	20.00	3	10
31	93.00	20.00	8	16
32	96.00	20.00	2	17
33	99.00	20.00	6	11
34	102.00	20.00	2	14
35	105.00	20.00	1	8
36	108.00	20.00	2	13
37	111.00	20.00	1	16
38	114.00	20.00	4	14
39	117.00	20.00	3	8
40	120.00	20.00	6	11
41	123.00	20.00	7	10
42	126.00	20.00	7	13
43	129.00	20.00	5	10
44	132.00	20.00	6	2
45	135.00	20.00	7	6
46	138.00	20.00	11	7
47	141.00	20.00	4	9
48	144.00	20.00	5	3
49	147.00	20.00	9	8
50	150.00	20.00	3	5
51	153.00	20.00	5	0
52	156.00	20.00	6	2
53	159.00	20.00	3	7
54	162.00	20.00	4	3
55	165.00	20.00	3	7
56	168.00	20.00	6	9
57	171.00	20.00	3	6
58	174.00	20.00	3	9
59	177.00	20.00	2	13
60	180.00	20.00	6	11
61	183.00	20.00	2	9
62	186.00	20.00	1	19
63	189.00	20.00	6	17
64	192.00	20.00	3	18
65	195.00	20.00	3	14
66	198.00	20.00	2	9
67	201.00	20.00	2	15
68	204.00	20.00	5	7
69	207.00	20.00	4	14
70	210.00	20.00	6	15
71	213.00	20.00	2	7
72	216.00	20.00	8	13
73	219.00	20.00	7	5
74	222.00	20.00	6	10
75	225.00	20.00	8	9
76	228.00	20.00	5	4
77	231.00	20.00	5	11
78	234.00	20.00	4	2
79	237.00	20.00	4	5
80	240.00	20.00	6	6
81	243.00	20.00	10	6
82	246.00	20.00	3	2
83	249.00	20.00	3	2
84	252.00	20.00	5	6
85	255.00	20.00	2	0
86	258.00	20.00	3	3
87	261.00	20.00	6	4
88	264.00	20.00	6	6
89	267.00	20.00	3	8
90	270.00	20.00	5	7
91	273.00	20.00	3	14
92	276.00	20.00	5	10
93	279.00	20.00	6	13
94	282.00	20.00	3	14
95	285.00	20.00	7	16
96	288.00	20.00	7	15
97	291.00	20.00	5	14
98	294.00	20.00	4	18
99	297.00	20.00	5	18
100	300.00	20.00	5	13
101	303.00	20.00	10	12
102	306.00	20.00	5	14
103	309.00	20.00	5	15
104	312.00	20.00	6	11
105	315.00	20.00	3	4
106	318.00	20.00	2	18
107	321.00	20.00	3	14
108	324.00	20.00	5	7
109	327.00	20.00	2	5
110	330.00	20.00	0	5
111	333.00	20.00	1	6
112	336.00	20.00	3	7
113	339.00	20.00	1	3
114	342.00	20.00	2	1
115	345.00	20.00	6	5
116	348.00	20.00	4	5
117	351.00	20.00	7	5
118	354.00	20.00	7	3
119	357.00	20.00	4	7
120	360.00	20.00	8	5
121	363.00	20.00	6	8
122	366.00	20.00	7	8
123	369.00	20.00	6	13
124	372.00	20.00	9	13
125	375.00	20.00	6	18
126	378.00	20.00	4	9
127	381.00	20.00	2	10
128	384.00	20.00	5	15
129	387.00	20.00	4	13
130	390.00	20.00	8	16
131	393.00	20.00	5	10
132	396.00	20.00	2	21
133	399.00	20.00	3	10
134	402.00	20.00	3	14
135	405.00	20.00	4	4
136	408.00	20.00	2	15
137	411.00	20.00	2	16
138	414.00	20.00	3	11
139	417.00	20.00	2	8
140	420.00	20.00	6	13
141	423.00	20.00	3	11
142	426.00	20.00	1	9
143	429.00	20.00	2	10
144	432.00	20.00	4	4
* 20	1.8127441	10.0	364	2269	61043	674	3777012894	2633	0.0000000	0.0000000
* Date: 08/09/2023	Time: 12:14
* Pulsetime (탎):0.000003	Looptime (탎): 434.000000	BinWidth (탎): 3.000000	BinCount: 145	measured time (s): 20.001000
* Bin NR >>  탎  >>  rec.time  >>  Counts O  >>  Counts AUX
* begin of data:
0	0.00	20.00	1	0
1	3.00	20.00	2	3
2	6.00	20.00	3	2
3	9.00	20.00	1	0
4	12.00	20.00	1	3
5	15.00	20.00	5	2
6	18.00	20.00	2	3
7	21.00	20.00	4	1
8	24.00	20.00	5	9
9	27.00	20.00	5	2
10	30.00	20.00	1	2
11	33.00	20.00	4	4
12	36.00	20.00	2	8
13	39.00	20.00	1	3
14	42.00	20.00	3	3
15	45.00	20.00	3	2
16	48.00	20.00	4	5
17	51.00	20.00	5	6
18	54.00	20.00	5	2
19	57.00	20.00	3	2
20	60.00	20.00	5	3
21	63.00	20.00	4	0
22	66.00	20.00	3	2
23	69.00	20.00	5	3
24	72.00	20.00	1	4
25	75.00	20.00	3	5
26	78.00	20.00	1	3
27	81.00	20.00	2	5
28	84.00	20.00	0	7
29	87.00	20.00	1	8
30	90.00	20.00	2	5
31	93.00	20.00	3	8
32	96.00	20.00	2	13
33	99.00	20.00	1	6
34	102.00	20.00	1	13
35	105.00	20.00	1	10
36	108.00	20.00	3	11
37	111.00	20.00	4	9
38	114.00	20.00	3	5
39	117.00	20.00	3	5
40	120.00	20.00	3	6
41	123.00	20.00	6	2
42	126.00	20.00	3	0
43	129.00	20.00	0	3
44	132.00	20.00	4	5
45	135.00	20.00	2	0
46	138.00	20.00	5	0
47	141.00	20.00	1	1
48	144.00	20.00	3	2
49	147.00	20.00	2	1
50	150.00	20.00	2	2
51	153.00	20.00	4	0
52	156.00	20.00	2	5
53	159.00	20.00	3	1
54	162.00	20.00	1	0
55	165.00	20.00	0	2
56	168.00	20.00	1	5
57	171.00	20.00	3	6
58	174.00	20.00	0	4
59	177.00	20.00	1	3
60	180.00	20.00	1	9
61	183.00	20.00	1	3
62	186.00	20.00	0	14
63	189.00	20.00	4	6
64	192.00	20.00	1	6
65	195.00	20.00	2	5
66	198.00	20.00	2	12
67	201.00	20.00	5	8
68	204.00	20.00	1	10
69	207.00	20.00	0	6
70	210.00	20.00	2	9
71	213.00	20.00	2	2
72	216.00	20.00	2	6
73	219.00	20.00	4	7
74	222.00	20.00	6	1
75	225.00	20.00	3	2
76	228.00	20.00	2	5
77	231.00	20.00	4	0
78	234.00	20.00	6	2
79	237.00	20.00	5	2
80	240.00	20.00	9	4
81	243.00	20.00	2	8
82	246.00	20.00	3	3
83	249.00	20.00	2	1
84	252.00	20.00	4	1
85	255.00	20.00	4	1
86	258.00	20.00	3	2
87	261.00	20.00	2	2
88	264.00	20.00	3	2
89	267.00	20.00	1	2
90	270.00	20.00	3	2
91	273.00	20.00	1	3
92	276.00	20.00	0	8
93	279.00	20.00	1	7
94	282.00	20.00	1	6
95	285.00	20.00	3	5
96	288.00	20.00	3	10
97	291.00	20.00	3	4
98	294.00	20.00	0	6
99	297.00	20.00	2	12
100	300.00	20.00	4	15
101	303.00	20.00	3	11
102	306.00	20.00	4	7
103	309.00	20.00	1	7
104	312.00	20.00	0	10
105	315.00	20.00	2	10
106	318.00	20.00	2	5
107	321.00	20.00	6	1
108	324.00	20.00	3	3
109	327.00	20.00	1	3
110	330.00	20.00	4	2
111	333.00	20.00	2	2
112	336.00	20.00	3	3
113	339.00	20.00	0	3
114	342.00	20.00	0	1
115	345.00	20.00	5	3
116	348.00	20.00	4	1
117	351.00	20.00	6	1
118	354.00	20.00	0	2
119	357.00	20.00	3	3
120	360.00	20.00	1	2
121	363.00	20.00	0	1
122	366.00	20.00	4	0
123	369.00	20.00	6	0
124	372.00	20.00	4	5
125	375.00	20.00	3	12
126	378.00	20.00	2	8
127	381.00	20.00	1	9
128	384.00	20.00	0	4
129	387.00	20.00	3	5
130	390.00	20.00	3	3
131	393.00	20.00	3	8
132	396.00	20.00	2	13
133	399.00	20.00	4	8
134	402.00	20.00	4	9
135	405.00	20.00	0	12
136	408.00	20.00	2	10
137	411.00	20.00	0	9
138	414.00	20.00	2	9
139	417.00	20.00	3	2
140	420.00	20.00	2	6
141	423.00	20.00	1	1
142	426.00	20.00	1	3
143	429.00	20.00	2	1
144	432.00	20.00	1	1
* 21	1.9995117	10.0	270	2269	61043	396	3777012921	2539	0.0000000	0.0000000
* Date: 08/09/2023	Time: 12:15
* Pulsetime (탎):0.000003	Looptime (탎): 434.000000	BinWidth (탎): 3.000000	BinCount: 145	measured time (s): 20.001000
* Bin NR >>  탎  >>  rec.time  >>  Counts O  >>  Counts AUX
* begin of data:
0	0.00	20.00	1	2
1	3.00	20.00	2	3
2	6.00	20.00	0	2
3	9.00	20.00	0	2
4	12.00	20.00	1	0
5	15.00	20.00	1	0
6	18.00	20.00	3	2
7	21.00	20.00	1	1
8	24.00	20.00	5	2
9	27.00	20.00	3	4
10	30.00	20.00	5	3
11	33.00	20.00	1	1
12	36.00	20.00	3	2
13	39.00	20.00	4	2
14	42.00	20.00	3	1
15	45.00	20.00	2	2
16	48.00	20.00	5	2
17	51.00	20.00	3	1
18	54.00	20.00	2	2
19	57.00	20.00	2	1
20	60.00	20.00	3	0
21	63.00	20.00	4	1
22	66.00	20.00	3	0
23	69.00	20.00	0	0
24	72.00	20.00	5	1
25	75.00	20.00	2	2
26	78.00	20.00	0	2
27	81.00	20.00	0	3
28	84.00	20.00	0	2
29	87.00	20.00	1	3
30	90.00	20.00	3	5
31	93.00	20.00	2	7
32	96.00	20.00	1	4
33	99.00	20.00	1	3
34	102.00	20.00	3	4
35	105.00	20.00	1	6
36	108.00	20.00	3	4
37	111.00	20.00	1	1
38	114.00	20.00	2	4
39	117.00	20.00	2	6
40	120.00	20.00	2	2
41	123.00	20.00	3	1
42	126.00	20.00	1	6
43	129.00	20.00	1	1
44	132.00	20.00	1	1
45	135.00	20.00	2	2
46	138.00	20.00	3	2
47	141.00	20.00	4	4
48	144.00	20.00	4	2
49	147.00	20.00	3	2
50	150.00	20.00	2	2
51	153.00	20.00	2	2
52	156.00	20.00	0	1
53	159.00	20.00	0	1
54	162.00	20.00	1	3
55	165.00	20.00	2	2
56	168.00	20.00	0	1
57	171.00	20.00	0	2
58	174.00	20.00	1	0
59	177.00	20.00	4	3
60	180.00	20.00	1	4
61	183.00	20.00	1	3
62	186.00	20.00	0	0
63	189.00	20.00	0	3
64	192.00	20.00	0	2
65	195.00	20.00	2	5
66	198.00	20.00	2	3
67	201.00	20.00	2	5
68	204.00	20.00	1	4
69	207.00	20.00	1	7
70	210.00	20.00	1	4
71	213.00	20.00	1	0
72	216.00	20.00	2	2
73	219.00	20.00	3	1
74	222.00	20.00	3	0
75	225.00	20.00	3	3
76	228.00	20.00	1	0
77	231.00	20.00	1	2
78	234.00	20.00	2	2
79	237.00	20.00	2	3
80	240.00	20.00	2	5
81	243.00	20.00	4	4
82	246.00	20.00	5	1
83	249.00	20.00	2	2
84	252.00	20.00	2	2
85	255.00	20.00	2	0
86	258.00	20.00	0	0
87	261.00	20.00	1	2
88	264.00	20.00	1	3
89	267.00	20.00	4	5
90	270.00	20.00	0	2
91	273.00	20.00	2	2
92	276.00	20.00	1	8
93	279.00	20.00	1	4
94	282.00	20.00	1	8
95	285.00	20.00	2	6
96	288.00	20.00	0	4
97	291.00	20.00	3	3
98	294.00	20.00	4	4
99	297.00	20.00	0	10
100	300.00	20.00	1	5
101	303.00	20.00	1	9
102	306.00	20.00	2	9
103	309.00	20.00	2	5
104	312.00	20.00	0	4
105	315.00	20.00	2	4
106	318.00	20.00	0	3
107	321.00	20.00	3	2
108	324.00	20.00	1	2
109	327.00	20.00	1	3
110	330.00	20.00	3	1
111	333.00	20.00	2	2
112	336.00	20.00	4	2
113	339.00	20.00	4	1
114	342.00	20.00	1	1
115	345.00	20.00	1	0
116	348.00	20.00	2	3
117	351.00	20.00	5	2
118	354.00	20.00	0	2
119	357.00	20.00	4	0
120	360.00	20.00	2	1
121	363.00	20.00	2	1
122	366.00	20.00	1	2
123	369.00	20.00	1	5
124	372.00	20.00	2	0
125	375.00	20.00	1	1
126	378.00	20.00	4	2
127	381.00	20.00	2	4
128	384.00	20.00	1	3
129	387.00	20.00	1	4
130	390.00	20.00	0	6
131	393.00	20.00	3	6
132	396.00	20.00	4	7
133	399.00	20.00	2	5
134	402.00	20.00	1	6
135	405.00	20.00	2	3
136	408.00	20.00	1	1
137	411.00	20.00	2	5
138	414.00	20.00	3	3
139	417.00	20.00	1	4
140	420.00	20.00	4	0
141	423.00	20.00	1	3
142	426.00	20.00	2	2
143	429.00	20.00	0	1
144	432.00	20.00	2	0
* end: 08/09/2023 12:15:23
