# BinNR microsec tot-time (s)  O-Beam AUX Ampl_1(V) f_1(Hz) phase_1(deg) Ampl_2(V) f_2(Hz) phase_2(deg) chi(pos)
0 0.00 1500.02 420 1241 1.520 10000.000 0.000 0.000 0.000 0.000 -1.505
1 3.00 1500.02 873 2407 1.520 10000.000 0.000 0.000 0.000 0.000 -1.505
2 6.00 1500.02 908 2459 1.520 10000.000 0.000 0.000 0.000 0.000 -1.505
3 9.00 1500.02 920 2283 1.520 10000.000 0.000 0.000 0.000 0.000 -1.505
4 12.00 1500.02 910 2437 1.520 10000.000 0.000 0.000 0.000 0.000 -1.505
5 15.00 1500.02 860 2336 1.520 10000.000 0.000 0.000 0.000 0.000 -1.505
6 18.00 1500.02 908 2330 1.520 10000.000 0.000 0.000 0.000 0.000 -1.505
7 21.00 1500.02 903 2404 1.520 10000.000 0.000 0.000 0.000 0.000 -1.505
8 24.00 1500.02 883 2465 1.520 10000.000 0.000 0.000 0.000 0.000 -1.505
9 27.00 1500.02 926 2309 1.520 10000.000 0.000 0.000 0.000 0.000 -1.505
10 30.00 1500.02 933 2357 1.520 10000.000 0.000 0.000 0.000 0.000 -1.505
11 33.00 1500.02 917 2421 1.520 10000.000 0.000 0.000 0.000 0.000 -1.505
12 36.00 1500.02 914 2424 1.520 10000.000 0.000 0.000 0.000 0.000 -1.505
13 39.00 1500.02 922 2449 1.520 10000.000 0.000 0.000 0.000 0.000 -1.505
14 42.00 1500.02 924 2454 1.520 10000.000 0.000 0.000 0.000 0.000 -1.505
15 45.00 1500.02 894 2411 1.520 10000.000 0.000 0.000 0.000 0.000 -1.505
16 48.00 1500.02 920 2368 1.520 10000.000 0.000 0.000 0.000 0.000 -1.505
17 51.00 1500.02 942 2327 1.520 10000.000 0.000 0.000 0.000 0.000 -1.505
18 54.00 1500.02 978 2490 1.520 10000.000 0.000 0.000 0.000 0.000 -1.505
19 57.00 1500.02 894 2469 1.520 10000.000 0.000 0.000 0.000 0.000 -1.505
20 60.00 1500.02 914 2441 1.520 10000.000 0.000 0.000 0.000 0.000 -1.505
21 63.00 1500.02 856 2319 1.520 10000.000 0.000 0.000 0.000 0.000 -1.505
22 66.00 1500.02 948 2439 1.520 10000.000 0.000 0.000 0.000 0.000 -1.505
23 69.00 1500.02 943 2277 1.520 10000.000 0.000 0.000 0.000 0.000 -1.505
24 72.00 1500.02 915 2408 1.520 10000.000 0.000 0.000 0.000 0.000 -1.505
25 75.00 1500.02 872 2331 1.520 10000.000 0.000 0.000 0.000 0.000 -1.505
26 78.00 1500.02 932 2420 1.520 10000.000 0.000 0.000 0.000 0.000 -1.505
27 81.00 1500.02 888 2401 1.520 10000.000 0.000 0.000 0.000 0.000 -1.505
28 84.00 1500.02 944 2428 1.520 10000.000 0.000 0.000 0.000 0.000 -1.505
29 87.00 1500.02 900 2323 1.520 10000.000 0.000 0.000 0.000 0.000 -1.505
30 90.00 1500.02 925 2463 1.520 10000.000 0.000 0.000 0.000 0.000 -1.505
31 93.00 1500.02 935 2312 1.520 10000.000 0.000 0.000 0.000 0.000 -1.505
32 96.00 1500.02 913 2424 1.520 10000.000 0.000 0.000 0.000 0.000 -1.505
33 99.00 1500.02 876 2375 1.520 10000.000 0.000 0.000 0.000 0.000 -1.505
34 102.00 1500.02 899 2422 1.520 10000.000 0.000 0.000 0.000 0.000 -1.505
35 105.00 1500.02 893 2425 1.520 10000.000 0.000 0.000 0.000 0.000 -1.505
36 108.00 1500.02 908 2416 1.520 10000.000 0.000 0.000 0.000 0.000 -1.505
37 111.00 1500.02 936 2356 1.520 10000.000 0.000 0.000 0.000 0.000 -1.505
38 114.00 1500.02 885 2408 1.520 10000.000 0.000 0.000 0.000 0.000 -1.505
39 117.00 1500.02 859 2355 1.520 10000.000 0.000 0.000 0.000 0.000 -1.505
40 120.00 1500.02 909 2396 1.520 10000.000 0.000 0.000 0.000 0.000 -1.505
41 123.00 1500.02 943 2371 1.520 10000.000 0.000 0.000 0.000 0.000 -1.505
42 126.00 1500.02 948 2364 1.520 10000.000 0.000 0.000 0.000 0.000 -1.505
43 129.00 1500.02 910 2496 1.520 10000.000 0.000 0.000 0.000 0.000 -1.505
44 132.00 1500.02 939 2338 1.520 10000.000 0.000 0.000 0.000 0.000 -1.505
45 135.00 1500.02 929 2430 1.520 10000.000 0.000 0.000 0.000 0.000 -1.505
46 138.00 1500.02 925 2467 1.520 10000.000 0.000 0.000 0.000 0.000 -1.505
47 141.00 1500.02 926 2446 1.520 10000.000 0.000 0.000 0.000 0.000 -1.505
48 144.00 1500.02 915 2502 1.520 10000.000 0.000 0.000 0.000 0.000 -1.505
49 147.00 1500.02 879 2439 1.520 10000.000 0.000 0.000 0.000 0.000 -1.505
50 150.00 1500.02 919 2359 1.520 10000.000 0.000 0.000 0.000 0.000 -1.505
51 153.00 1500.02 856 2418 1.520 10000.000 0.000 0.000 0.000 0.000 -1.505
52 156.00 1500.02 955 2435 1.520 10000.000 0.000 0.000 0.000 0.000 -1.505
53 159.00 1500.02 930 2379 1.520 10000.000 0.000 0.000 0.000 0.000 -1.505
54 162.00 1500.02 927 2333 1.520 10000.000 0.000 0.000 0.000 0.000 -1.505
55 165.00 1500.02 921 2344 1.520 10000.000 0.000 0.000 0.000 0.000 -1.505
56 168.00 1500.02 953 2409 1.520 10000.000 0.000 0.000 0.000 0.000 -1.505
57 171.00 1500.02 977 2342 1.520 10000.000 0.000 0.000 0.000 0.000 -1.505
58 174.00 1500.02 957 2472 1.520 10000.000 0.000 0.000 0.000 0.000 -1.505
59 177.00 1500.02 865 2411 1.520 10000.000 0.000 0.000 0.000 0.000 -1.505
60 180.00 1500.02 930 2378 1.520 10000.000 0.000 0.000 0.000 0.000 -1.505
61 183.00 1500.02 886 2399 1.520 10000.000 0.000 0.000 0.000 0.000 -1.505
62 186.00 1500.02 842 2405 1.520 10000.000 0.000 0.000 0.000 0.000 -1.505
63 189.00 1500.02 904 2446 1.520 10000.000 0.000 0.000 0.000 0.000 -1.505
64 192.00 1500.02 899 2329 1.520 10000.000 0.000 0.000 0.000 0.000 -1.505
65 195.00 1500.02 880 2375 1.520 10000.000 0.000 0.000 0.000 0.000 -1.505
66 198.00 1500.02 878 2431 1.520 10000.000 0.000 0.000 0.000 0.000 -1.505
67 201.00 1500.02 957 2399 1.520 10000.000 0.000 0.000 0.000 0.000 -1.505
68 204.00 1500.02 876 2519 1.520 10000.000 0.000 0.000 0.000 0.000 -1.505
69 207.00 1500.02 865 2408 1.520 10000.000 0.000 0.000 0.000 0.000 -1.505
70 210.00 1500.02 925 2408 1.520 10000.000 0.000 0.000 0.000 0.000 -1.505
71 213.00 1500.02 889 2278 1.520 10000.000 0.000 0.000 0.000 0.000 -1.505
72 216.00 1500.02 944 2408 1.520 10000.000 0.000 0.000 0.000 0.000 -1.505
73 219.00 1500.02 863 2298 1.520 10000.000 0.000 0.000 0.000 0.000 -1.505
74 222.00 1500.02 935 2409 1.520 10000.000 0.000 0.000 0.000 0.000 -1.505
75 225.00 1500.02 890 2405 1.520 10000.000 0.000 0.000 0.000 0.000 -1.505
76 228.00 1500.02 928 2370 1.520 10000.000 0.000 0.000 0.000 0.000 -1.505
77 231.00 1500.02 877 2356 1.520 10000.000 0.000 0.000 0.000 0.000 -1.505
78 234.00 1500.02 890 2387 1.520 10000.000 0.000 0.000 0.000 0.000 -1.505
79 237.00 1500.02 860 2411 1.520 10000.000 0.000 0.000 0.000 0.000 -1.505
80 240.00 1500.02 938 2367 1.520 10000.000 0.000 0.000 0.000 0.000 -1.505
81 243.00 1500.02 906 2439 1.520 10000.000 0.000 0.000 0.000 0.000 -1.505
82 246.00 1500.02 941 2404 1.520 10000.000 0.000 0.000 0.000 0.000 -1.505
83 249.00 1500.02 899 2312 1.520 10000.000 0.000 0.000 0.000 0.000 -1.505
84 252.00 1500.02 900 2448 1.520 10000.000 0.000 0.000 0.000 0.000 -1.505
85 255.00 1500.02 881 2445 1.520 10000.000 0.000 0.000 0.000 0.000 -1.505
86 258.00 1500.02 973 2374 1.520 10000.000 0.000 0.000 0.000 0.000 -1.505
87 261.00 1500.02 910 2352 1.520 10000.000 0.000 0.000 0.000 0.000 -1.505
88 264.00 1500.02 946 2423 1.520 10000.000 0.000 0.000 0.000 0.000 -1.505
89 267.00 1500.02 895 2374 1.520 10000.000 0.000 0.000 0.000 0.000 -1.505
90 270.00 1500.02 891 2423 1.520 10000.000 0.000 0.000 0.000 0.000 -1.505
91 273.00 1500.02 925 2315 1.520 10000.000 0.000 0.000 0.000 0.000 -1.505
92 276.00 1500.02 912 2400 1.520 10000.000 0.000 0.000 0.000 0.000 -1.505
93 279.00 1500.02 902 2392 1.520 10000.000 0.000 0.000 0.000 0.000 -1.505
94 282.00 1500.02 825 2337 1.520 10000.000 0.000 0.000 0.000 0.000 -1.505
95 285.00 1500.02 937 2331 1.520 10000.000 0.000 0.000 0.000 0.000 -1.505
96 288.00 1500.02 929 2346 1.520 10000.000 0.000 0.000 0.000 0.000 -1.505
97 291.00 1500.02 933 2361 1.520 10000.000 0.000 0.000 0.000 0.000 -1.505
98 294.00 1500.02 917 2349 1.520 10000.000 0.000 0.000 0.000 0.000 -1.505
99 297.00 1500.02 888 2396 1.520 10000.000 0.000 0.000 0.000 0.000 -1.505
100 300.00 1500.02 935 2453 1.520 10000.000 0.000 0.000 0.000 0.000 -1.505
101 303.00 1500.02 905 2319 1.520 10000.000 0.000 0.000 0.000 0.000 -1.505
102 306.00 1500.02 893 2450 1.520 10000.000 0.000 0.000 0.000 0.000 -1.505
103 309.00 1500.02 895 2431 1.520 10000.000 0.000 0.000 0.000 0.000 -1.505
104 312.00 1500.02 949 2296 1.520 10000.000 0.000 0.000 0.000 0.000 -1.505
105 315.00 1500.02 910 2374 1.520 10000.000 0.000 0.000 0.000 0.000 -1.505
106 318.00 1500.02 988 2449 1.520 10000.000 0.000 0.000 0.000 0.000 -1.505
107 321.00 1500.02 866 2398 1.520 10000.000 0.000 0.000 0.000 0.000 -1.505
108 324.00 1500.02 907 2349 1.520 10000.000 0.000 0.000 0.000 0.000 -1.505
109 327.00 1500.02 882 2328 1.520 10000.000 0.000 0.000 0.000 0.000 -1.505
110 330.00 1500.02 935 2430 1.520 10000.000 0.000 0.000 0.000 0.000 -1.505
111 333.00 1500.02 908 2252 1.520 10000.000 0.000 0.000 0.000 0.000 -1.505
112 336.00 1500.02 883 2453 1.520 10000.000 0.000 0.000 0.000 0.000 -1.505
113 339.00 1500.02 908 2297 1.520 10000.000 0.000 0.000 0.000 0.000 -1.505
114 342.00 1500.02 878 2477 1.520 10000.000 0.000 0.000 0.000 0.000 -1.505
115 345.00 1500.02 882 2325 1.520 10000.000 0.000 0.000 0.000 0.000 -1.505
116 348.00 1500.02 979 2423 1.520 10000.000 0.000 0.000 0.000 0.000 -1.505
117 351.00 1500.02 892 2354 1.520 10000.000 0.000 0.000 0.000 0.000 -1.505
118 354.00 1500.02 955 2422 1.520 10000.000 0.000 0.000 0.000 0.000 -1.505
119 357.00 1500.02 909 2315 1.520 10000.000 0.000 0.000 0.000 0.000 -1.505
120 360.00 1500.02 867 2380 1.520 10000.000 0.000 0.000 0.000 0.000 -1.505
121 363.00 1500.02 899 2393 1.520 10000.000 0.000 0.000 0.000 0.000 -1.505
122 366.00 1500.02 939 2413 1.520 10000.000 0.000 0.000 0.000 0.000 -1.505
123 369.00 1500.02 920 2402 1.520 10000.000 0.000 0.000 0.000 0.000 -1.505
124 372.00 1500.02 908 2355 1.520 10000.000 0.000 0.000 0.000 0.000 -1.505
125 375.00 1500.02 910 2301 1.520 10000.000 0.000 0.000 0.000 0.000 -1.505
126 378.00 1500.02 888 2470 1.520 10000.000 0.000 0.000 0.000 0.000 -1.505
127 381.00 1500.02 898 2346 1.520 10000.000 0.000 0.000 0.000 0.000 -1.505
128 384.00 1500.02 918 2371 1.520 10000.000 0.000 0.000 0.000 0.000 -1.505
129 387.00 1500.02 899 2428 1.520 10000.000 0.000 0.000 0.000 0.000 -1.505
130 390.00 1500.02 882 2413 1.520 10000.000 0.000 0.000 0.000 0.000 -1.505
131 393.00 1500.02 884 2312 1.520 10000.000 0.000 0.000 0.000 0.000 -1.505
132 396.00 1500.02 909 2440 1.520 10000.000 0.000 0.000 0.000 0.000 -1.505
133 399.00 1500.02 894 2366 1.520 10000.000 0.000 0.000 0.000 0.000 -1.505
134 402.00 1500.02 937 2400 1.520 10000.000 0.000 0.000 0.000 0.000 -1.505
135 405.00 1500.02 831 2408 1.520 10000.000 0.000 0.000 0.000 0.000 -1.505
136 408.00 1500.02 959 2412 1.520 10000.000 0.000 0.000 0.000 0.000 -1.505
137 411.00 1500.02 856 2325 1.520 10000.000 0.000 0.000 0.000 0.000 -1.505
138 414.00 1500.02 910 2358 1.520 10000.000 0.000 0.000 0.000 0.000 -1.505
139 417.00 1500.02 871 2316 1.520 10000.000 0.000 0.000 0.000 0.000 -1.505
140 420.00 1500.02 959 2381 1.520 10000.000 0.000 0.000 0.000 0.000 -1.505
141 423.00 1500.02 906 2352 1.520 10000.000 0.000 0.000 0.000 0.000 -1.505
142 426.00 1500.02 912 2351 1.520 10000.000 0.000 0.000 0.000 0.000 -1.505
143 429.00 1500.02 887 2370 1.520 10000.000 0.000 0.000 0.000 0.000 -1.505
144 432.00 1500.02 902 2373 1.520 10000.000 0.000 0.000 0.000 0.000 -1.505
