# BinNR microsec tot-time (s)  O-Beam H-beam AUX Ampl(V) f(Hz) phase(deg) chi(pos)
0 0.00 900.00 399 426 1 5.155 2000.000 0.000 0.374
1 25.00 900.00 401 495 4 5.155 2000.000 0.000 0.374
2 50.00 900.00 380 668 3 5.155 2000.000 0.000 0.374
3 75.00 900.00 414 689 1 5.155 2000.000 0.000 0.374
4 100.00 900.00 371 757 3 5.155 2000.000 0.000 0.374
5 125.00 900.00 356 663 1 5.155 2000.000 0.000 0.374
6 150.00 900.00 260 557 3 5.155 2000.000 0.000 0.374
7 175.00 900.00 131 576 1 5.155 2000.000 0.000 0.374
8 200.00 900.00 104 605 6 5.155 2000.000 0.000 0.374
9 225.00 900.00 97 629 1 5.155 2000.000 0.000 0.374
10 250.00 900.00 168 680 2 5.155 2000.000 0.000 0.374
11 275.00 900.00 211 714 0 5.155 2000.000 0.000 0.374
12 300.00 900.00 220 644 3 5.155 2000.000 0.000 0.374
13 325.00 900.00 176 545 2 5.155 2000.000 0.000 0.374
14 350.00 900.00 150 435 2 5.155 2000.000 0.000 0.374
15 375.00 900.00 108 389 2 5.155 2000.000 0.000 0.374
16 400.00 900.00 140 391 4 5.155 2000.000 0.000 0.374
17 425.00 900.00 204 393 4 5.155 2000.000 0.000 0.374
18 450.00 900.00 273 410 5 5.155 2000.000 0.000 0.374
19 475.00 900.00 406 395 1 5.155 2000.000 0.000 0.374
20 500.00 900.00 386 427 2 5.155 2000.000 0.000 0.374
21 525.00 900.00 389 515 2 5.155 2000.000 0.000 0.374
22 550.00 900.00 432 579 0 5.155 2000.000 0.000 0.374
23 575.00 900.00 403 685 1 5.155 2000.000 0.000 0.374
24 600.00 900.00 364 672 1 5.155 2000.000 0.000 0.374
25 625.00 900.00 353 630 1 5.155 2000.000 0.000 0.374
26 650.00 900.00 229 609 1 5.155 2000.000 0.000 0.374
27 675.00 900.00 140 580 0 5.155 2000.000 0.000 0.374
28 700.00 900.00 97 577 2 5.155 2000.000 0.000 0.374
29 725.00 900.00 111 628 2 5.155 2000.000 0.000 0.374
30 750.00 900.00 179 725 7 5.155 2000.000 0.000 0.374
31 775.00 900.00 194 751 0 5.155 2000.000 0.000 0.374
32 800.00 900.00 227 717 3 5.155 2000.000 0.000 0.374
33 825.00 900.00 221 558 1 5.155 2000.000 0.000 0.374
34 850.00 900.00 149 461 0 5.155 2000.000 0.000 0.374
35 875.00 900.00 86 392 1 5.155 2000.000 0.000 0.374
36 900.00 900.00 106 395 4 5.155 2000.000 0.000 0.374
37 925.00 900.00 170 413 1 5.155 2000.000 0.000 0.374
38 950.00 900.00 301 369 3 5.155 2000.000 0.000 0.374
39 975.00 900.00 353 393 1 5.155 2000.000 0.000 0.374
