# BinNR microsec tot-time (s)  O-Beam H-beam AUX Ampl(V) f(Hz) phase(deg) chi(pos)
0 0.00 900.00 271 505 2 5.155 2000.000 0.000 0.923
1 25.00 900.00 194 409 2 5.155 2000.000 0.000 0.923
2 50.00 900.00 210 436 3 5.155 2000.000 0.000 0.923
3 75.00 900.00 245 427 1 5.155 2000.000 0.000 0.923
4 100.00 900.00 278 555 3 5.155 2000.000 0.000 0.923
5 125.00 900.00 374 655 2 5.155 2000.000 0.000 0.923
6 150.00 900.00 367 688 4 5.155 2000.000 0.000 0.923
7 175.00 900.00 370 668 2 5.155 2000.000 0.000 0.923
8 200.00 900.00 309 700 0 5.155 2000.000 0.000 0.923
9 225.00 900.00 176 698 0 5.155 2000.000 0.000 0.923
10 250.00 900.00 129 653 0 5.155 2000.000 0.000 0.923
11 275.00 900.00 93 532 3 5.155 2000.000 0.000 0.923
12 300.00 900.00 104 451 0 5.155 2000.000 0.000 0.923
13 325.00 900.00 115 410 3 5.155 2000.000 0.000 0.923
14 350.00 900.00 145 444 0 5.155 2000.000 0.000 0.923
15 375.00 900.00 213 521 4 5.155 2000.000 0.000 0.923
16 400.00 900.00 318 591 0 5.155 2000.000 0.000 0.923
17 425.00 900.00 389 658 1 5.155 2000.000 0.000 0.923
18 450.00 900.00 379 613 1 5.155 2000.000 0.000 0.923
19 475.00 900.00 313 550 2 5.155 2000.000 0.000 0.923
20 500.00 900.00 252 525 0 5.155 2000.000 0.000 0.923
21 525.00 900.00 205 415 4 5.155 2000.000 0.000 0.923
22 550.00 900.00 222 399 0 5.155 2000.000 0.000 0.923
23 575.00 900.00 219 525 4 5.155 2000.000 0.000 0.923
24 600.00 900.00 268 559 3 5.155 2000.000 0.000 0.923
25 625.00 900.00 362 655 1 5.155 2000.000 0.000 0.923
26 650.00 900.00 436 714 1 5.155 2000.000 0.000 0.923
27 675.00 900.00 382 709 3 5.155 2000.000 0.000 0.923
28 700.00 900.00 253 669 2 5.155 2000.000 0.000 0.923
29 725.00 900.00 181 704 6 5.155 2000.000 0.000 0.923
30 750.00 900.00 122 605 3 5.155 2000.000 0.000 0.923
31 775.00 900.00 102 508 1 5.155 2000.000 0.000 0.923
32 800.00 900.00 102 416 0 5.155 2000.000 0.000 0.923
33 825.00 900.00 108 397 3 5.155 2000.000 0.000 0.923
34 850.00 900.00 147 491 0 5.155 2000.000 0.000 0.923
35 875.00 900.00 215 555 2 5.155 2000.000 0.000 0.923
36 900.00 900.00 367 604 0 5.155 2000.000 0.000 0.923
37 925.00 900.00 435 606 2 5.155 2000.000 0.000 0.923
38 950.00 900.00 404 578 1 5.155 2000.000 0.000 0.923
39 975.00 900.00 336 528 4 5.155 2000.000 0.000 0.923
