# BinNR microsec tot-time (s)  O-Beam H-beam AUX Ampl(V) f(Hz) phase(deg) chi(pos)
0 0.00 900.00 350 535 2 5.155 2000.000 0.000 0.077
1 25.00 900.00 367 696 3 5.155 2000.000 0.000 0.077
2 50.00 900.00 412 695 2 5.155 2000.000 0.000 0.077
3 75.00 900.00 335 703 1 5.155 2000.000 0.000 0.077
4 100.00 900.00 305 639 6 5.155 2000.000 0.000 0.077
5 125.00 900.00 229 537 2 5.155 2000.000 0.000 0.077
6 150.00 900.00 127 494 2 5.155 2000.000 0.000 0.077
7 175.00 900.00 105 445 2 5.155 2000.000 0.000 0.077
8 200.00 900.00 123 458 3 5.155 2000.000 0.000 0.077
9 225.00 900.00 232 493 2 5.155 2000.000 0.000 0.077
10 250.00 900.00 316 553 0 5.155 2000.000 0.000 0.077
11 275.00 900.00 316 673 2 5.155 2000.000 0.000 0.077
12 300.00 900.00 333 730 1 5.155 2000.000 0.000 0.077
13 325.00 900.00 310 653 2 5.155 2000.000 0.000 0.077
14 350.00 900.00 247 597 2 5.155 2000.000 0.000 0.077
15 375.00 900.00 181 470 2 5.155 2000.000 0.000 0.077
16 400.00 900.00 102 475 2 5.155 2000.000 0.000 0.077
17 425.00 900.00 110 415 2 5.155 2000.000 0.000 0.077
18 450.00 900.00 184 454 1 5.155 2000.000 0.000 0.077
19 475.00 900.00 258 469 1 5.155 2000.000 0.000 0.077
20 500.00 900.00 332 549 1 5.155 2000.000 0.000 0.077
21 525.00 900.00 351 619 0 5.155 2000.000 0.000 0.077
22 550.00 900.00 338 703 0 5.155 2000.000 0.000 0.077
23 575.00 900.00 337 693 1 5.155 2000.000 0.000 0.077
24 600.00 900.00 318 598 3 5.155 2000.000 0.000 0.077
25 625.00 900.00 196 476 2 5.155 2000.000 0.000 0.077
26 650.00 900.00 126 485 1 5.155 2000.000 0.000 0.077
27 675.00 900.00 109 460 2 5.155 2000.000 0.000 0.077
28 700.00 900.00 144 448 1 5.155 2000.000 0.000 0.077
29 725.00 900.00 218 483 1 5.155 2000.000 0.000 0.077
30 750.00 900.00 296 581 5 5.155 2000.000 0.000 0.077
31 775.00 900.00 310 629 2 5.155 2000.000 0.000 0.077
32 800.00 900.00 356 715 1 5.155 2000.000 0.000 0.077
33 825.00 900.00 328 668 4 5.155 2000.000 0.000 0.077
34 850.00 900.00 264 594 3 5.155 2000.000 0.000 0.077
35 875.00 900.00 177 449 0 5.155 2000.000 0.000 0.077
36 900.00 900.00 113 443 3 5.155 2000.000 0.000 0.077
37 925.00 900.00 111 430 3 5.155 2000.000 0.000 0.077
38 950.00 900.00 177 436 6 5.155 2000.000 0.000 0.077
39 975.00 900.00 265 461 4 5.155 2000.000 0.000 0.077
