# BinNR microsec tot-time (s)  O-Beam H-beam AUX Ampl(V) f(Hz) phase(deg) chi(pos)
0 0.00 1200.00 454 1598 1162 8.430 2000.000 0.000 -0.516
1 50.00 1200.00 487 1377 1076 8.430 2000.000 0.000 -0.516
2 100.00 1200.00 462 1335 953 8.430 2000.000 0.000 -0.516
3 150.00 1200.00 473 1283 793 8.430 2000.000 0.000 -0.516
4 200.00 1200.00 457 1298 867 8.430 2000.000 0.000 -0.516
5 250.00 1200.00 403 1409 1003 8.430 2000.000 0.000 -0.516
6 300.00 1200.00 332 1737 1173 8.430 2000.000 0.000 -0.516
7 350.00 1200.00 291 2004 1307 8.430 2000.000 0.000 -0.516
8 400.00 1200.00 292 2061 1271 8.430 2000.000 0.000 -0.516
9 450.00 1200.00 329 1842 1284 8.430 2000.000 0.000 -0.516
10 500.00 1200.00 424 1516 1197 8.430 2000.000 0.000 -0.516
11 550.00 1200.00 438 1324 1079 8.430 2000.000 0.000 -0.516
12 600.00 1200.00 468 1290 920 8.430 2000.000 0.000 -0.516
13 650.00 1200.00 467 1268 788 8.430 2000.000 0.000 -0.516
14 700.00 1200.00 466 1282 855 8.430 2000.000 0.000 -0.516
15 750.00 1200.00 405 1449 977 8.430 2000.000 0.000 -0.516
16 800.00 1200.00 328 1697 1199 8.430 2000.000 0.000 -0.516
17 850.00 1200.00 265 1959 1316 8.430 2000.000 0.000 -0.516
18 900.00 1200.00 307 2007 1217 8.430 2000.000 0.000 -0.516
19 950.00 1200.00 308 1865 1282 8.430 2000.000 0.000 -0.516
