# BinNR microsec tot-time (s)  O-Beam H-beam AUX Ampl(V) f(Hz) phase(deg) chi(pos)
0 0.00 1200.00 477 1402 1237 8.430 2000.000 0.000 -0.648
1 50.00 1200.00 442 1304 1209 8.430 2000.000 0.000 -0.648
2 100.00 1200.00 469 1394 1106 8.430 2000.000 0.000 -0.648
3 150.00 1200.00 457 1402 972 8.430 2000.000 0.000 -0.648
4 200.00 1200.00 427 1276 994 8.430 2000.000 0.000 -0.648
5 250.00 1200.00 476 1339 1110 8.430 2000.000 0.000 -0.648
6 300.00 1200.00 396 1496 1226 8.430 2000.000 0.000 -0.648
7 350.00 1200.00 359 1696 1259 8.430 2000.000 0.000 -0.648
8 400.00 1200.00 374 1798 1169 8.430 2000.000 0.000 -0.648
9 450.00 1200.00 398 1528 1195 8.430 2000.000 0.000 -0.648
10 500.00 1200.00 467 1328 1273 8.430 2000.000 0.000 -0.648
11 550.00 1200.00 470 1319 1199 8.430 2000.000 0.000 -0.648
12 600.00 1200.00 475 1385 1162 8.430 2000.000 0.000 -0.648
13 650.00 1200.00 437 1334 1051 8.430 2000.000 0.000 -0.648
14 700.00 1200.00 426 1321 940 8.430 2000.000 0.000 -0.648
15 750.00 1200.00 451 1329 1132 8.430 2000.000 0.000 -0.648
16 800.00 1200.00 434 1470 1200 8.430 2000.000 0.000 -0.648
17 850.00 1200.00 395 1702 1168 8.430 2000.000 0.000 -0.648
18 900.00 1200.00 379 1718 1204 8.430 2000.000 0.000 -0.648
19 950.00 1200.00 399 1540 1164 8.430 2000.000 0.000 -0.648
