# BinNR microsec tot-time (s)  O-Beam H-beam AUX Ampl(V) f(Hz) phase(deg) chi(pos)
0 0.00 1200.00 170 2748 258 8.430 2000.000 0.000 -1.494
1 50.00 1200.00 113 2955 389 8.430 2000.000 0.000 -1.494
2 100.00 1200.00 116 3025 620 8.430 2000.000 0.000 -1.494
3 150.00 1200.00 104 2934 671 8.430 2000.000 0.000 -1.494
4 200.00 1200.00 125 2982 725 8.430 2000.000 0.000 -1.494
5 250.00 1200.00 165 2812 514 8.430 2000.000 0.000 -1.494
6 300.00 1200.00 204 2403 278 8.430 2000.000 0.000 -1.494
7 350.00 1200.00 275 2150 214 8.430 2000.000 0.000 -1.494
8 400.00 1200.00 296 2090 200 8.430 2000.000 0.000 -1.494
9 450.00 1200.00 242 2356 162 8.430 2000.000 0.000 -1.494
10 500.00 1200.00 178 2798 217 8.430 2000.000 0.000 -1.494
11 550.00 1200.00 120 2948 394 8.430 2000.000 0.000 -1.494
12 600.00 1200.00 106 2999 617 8.430 2000.000 0.000 -1.494
13 650.00 1200.00 91 3046 748 8.430 2000.000 0.000 -1.494
14 700.00 1200.00 113 3040 636 8.430 2000.000 0.000 -1.494
15 750.00 1200.00 179 2755 509 8.430 2000.000 0.000 -1.494
16 800.00 1200.00 253 2520 312 8.430 2000.000 0.000 -1.494
17 850.00 1200.00 304 2120 211 8.430 2000.000 0.000 -1.494
18 900.00 1200.00 313 2117 187 8.430 2000.000 0.000 -1.494
19 950.00 1200.00 243 2358 163 8.430 2000.000 0.000 -1.494
