# BinNR microsec tot-time (s)  O-Beam AUX Ampl_1(V) f_1(Hz) phase_1(deg) Ampl_2(V) f_2(Hz) phase_2(deg) chi(pos)
0 0.00 1500.00 68 75 0.370 10000.000 0.000 0.300 15000.000 0.000 0.505
1 3.00 1500.00 131 144 0.370 10000.000 0.000 0.300 15000.000 0.000 0.505
2 6.00 1500.00 135 151 0.370 10000.000 0.000 0.300 15000.000 0.000 0.505
3 9.00 1500.00 160 153 0.370 10000.000 0.000 0.300 15000.000 0.000 0.505
4 12.00 1500.00 140 160 0.370 10000.000 0.000 0.300 15000.000 0.000 0.505
5 15.00 1500.00 123 149 0.370 10000.000 0.000 0.300 15000.000 0.000 0.505
6 18.00 1500.00 137 158 0.370 10000.000 0.000 0.300 15000.000 0.000 0.505
7 21.00 1500.00 152 173 0.370 10000.000 0.000 0.300 15000.000 0.000 0.505
8 24.00 1500.00 161 179 0.370 10000.000 0.000 0.300 15000.000 0.000 0.505
9 27.00 1500.00 160 167 0.370 10000.000 0.000 0.300 15000.000 0.000 0.505
10 30.00 1500.00 153 180 0.370 10000.000 0.000 0.300 15000.000 0.000 0.505
11 33.00 1500.00 144 197 0.370 10000.000 0.000 0.300 15000.000 0.000 0.505
12 36.00 1500.00 164 185 0.370 10000.000 0.000 0.300 15000.000 0.000 0.505
13 39.00 1500.00 160 161 0.370 10000.000 0.000 0.300 15000.000 0.000 0.505
14 42.00 1500.00 169 145 0.370 10000.000 0.000 0.300 15000.000 0.000 0.505
15 45.00 1500.00 168 148 0.370 10000.000 0.000 0.300 15000.000 0.000 0.505
16 48.00 1500.00 182 181 0.370 10000.000 0.000 0.300 15000.000 0.000 0.505
17 51.00 1500.00 173 158 0.370 10000.000 0.000 0.300 15000.000 0.000 0.505
18 54.00 1500.00 171 174 0.370 10000.000 0.000 0.300 15000.000 0.000 0.505
19 57.00 1500.00 154 145 0.370 10000.000 0.000 0.300 15000.000 0.000 0.505
20 60.00 1500.00 141 127 0.370 10000.000 0.000 0.300 15000.000 0.000 0.505
21 63.00 1500.00 153 185 0.370 10000.000 0.000 0.300 15000.000 0.000 0.505
22 66.00 1500.00 142 176 0.370 10000.000 0.000 0.300 15000.000 0.000 0.505
23 69.00 1500.00 138 139 0.370 10000.000 0.000 0.300 15000.000 0.000 0.505
24 72.00 1500.00 152 208 0.370 10000.000 0.000 0.300 15000.000 0.000 0.505
25 75.00 1500.00 114 188 0.370 10000.000 0.000 0.300 15000.000 0.000 0.505
26 78.00 1500.00 136 190 0.370 10000.000 0.000 0.300 15000.000 0.000 0.505
27 81.00 1500.00 130 231 0.370 10000.000 0.000 0.300 15000.000 0.000 0.505
28 84.00 1500.00 140 245 0.370 10000.000 0.000 0.300 15000.000 0.000 0.505
29 87.00 1500.00 124 240 0.370 10000.000 0.000 0.300 15000.000 0.000 0.505
30 90.00 1500.00 128 243 0.370 10000.000 0.000 0.300 15000.000 0.000 0.505
31 93.00 1500.00 110 210 0.370 10000.000 0.000 0.300 15000.000 0.000 0.505
32 96.00 1500.00 135 223 0.370 10000.000 0.000 0.300 15000.000 0.000 0.505
33 99.00 1500.00 125 194 0.370 10000.000 0.000 0.300 15000.000 0.000 0.505
34 102.00 1500.00 154 178 0.370 10000.000 0.000 0.300 15000.000 0.000 0.505
35 105.00 1500.00 150 186 0.370 10000.000 0.000 0.300 15000.000 0.000 0.505
36 108.00 1500.00 144 154 0.370 10000.000 0.000 0.300 15000.000 0.000 0.505
37 111.00 1500.00 154 168 0.370 10000.000 0.000 0.300 15000.000 0.000 0.505
38 114.00 1500.00 148 167 0.370 10000.000 0.000 0.300 15000.000 0.000 0.505
39 117.00 1500.00 182 167 0.370 10000.000 0.000 0.300 15000.000 0.000 0.505
40 120.00 1500.00 168 144 0.370 10000.000 0.000 0.300 15000.000 0.000 0.505
41 123.00 1500.00 158 138 0.370 10000.000 0.000 0.300 15000.000 0.000 0.505
42 126.00 1500.00 179 141 0.370 10000.000 0.000 0.300 15000.000 0.000 0.505
43 129.00 1500.00 172 177 0.370 10000.000 0.000 0.300 15000.000 0.000 0.505
44 132.00 1500.00 147 170 0.370 10000.000 0.000 0.300 15000.000 0.000 0.505
45 135.00 1500.00 161 169 0.370 10000.000 0.000 0.300 15000.000 0.000 0.505
46 138.00 1500.00 163 165 0.370 10000.000 0.000 0.300 15000.000 0.000 0.505
47 141.00 1500.00 148 169 0.370 10000.000 0.000 0.300 15000.000 0.000 0.505
48 144.00 1500.00 178 181 0.370 10000.000 0.000 0.300 15000.000 0.000 0.505
49 147.00 1500.00 166 176 0.370 10000.000 0.000 0.300 15000.000 0.000 0.505
50 150.00 1500.00 156 159 0.370 10000.000 0.000 0.300 15000.000 0.000 0.505
51 153.00 1500.00 130 165 0.370 10000.000 0.000 0.300 15000.000 0.000 0.505
52 156.00 1500.00 151 166 0.370 10000.000 0.000 0.300 15000.000 0.000 0.505
53 159.00 1500.00 149 162 0.370 10000.000 0.000 0.300 15000.000 0.000 0.505
54 162.00 1500.00 129 182 0.370 10000.000 0.000 0.300 15000.000 0.000 0.505
55 165.00 1500.00 138 144 0.370 10000.000 0.000 0.300 15000.000 0.000 0.505
56 168.00 1500.00 141 154 0.370 10000.000 0.000 0.300 15000.000 0.000 0.505
57 171.00 1500.00 150 188 0.370 10000.000 0.000 0.300 15000.000 0.000 0.505
58 174.00 1500.00 130 158 0.370 10000.000 0.000 0.300 15000.000 0.000 0.505
59 177.00 1500.00 146 160 0.370 10000.000 0.000 0.300 15000.000 0.000 0.505
60 180.00 1500.00 140 158 0.370 10000.000 0.000 0.300 15000.000 0.000 0.505
61 183.00 1500.00 151 163 0.370 10000.000 0.000 0.300 15000.000 0.000 0.505
62 186.00 1500.00 141 179 0.370 10000.000 0.000 0.300 15000.000 0.000 0.505
63 189.00 1500.00 174 191 0.370 10000.000 0.000 0.300 15000.000 0.000 0.505
64 192.00 1500.00 138 200 0.370 10000.000 0.000 0.300 15000.000 0.000 0.505
65 195.00 1500.00 141 188 0.370 10000.000 0.000 0.300 15000.000 0.000 0.505
66 198.00 1500.00 140 191 0.370 10000.000 0.000 0.300 15000.000 0.000 0.505
67 201.00 1500.00 152 229 0.370 10000.000 0.000 0.300 15000.000 0.000 0.505
68 204.00 1500.00 149 247 0.370 10000.000 0.000 0.300 15000.000 0.000 0.505
69 207.00 1500.00 132 226 0.370 10000.000 0.000 0.300 15000.000 0.000 0.505
70 210.00 1500.00 146 233 0.370 10000.000 0.000 0.300 15000.000 0.000 0.505
71 213.00 1500.00 135 233 0.370 10000.000 0.000 0.300 15000.000 0.000 0.505
72 216.00 1500.00 146 222 0.370 10000.000 0.000 0.300 15000.000 0.000 0.505
73 219.00 1500.00 128 197 0.370 10000.000 0.000 0.300 15000.000 0.000 0.505
74 222.00 1500.00 130 206 0.370 10000.000 0.000 0.300 15000.000 0.000 0.505
75 225.00 1500.00 142 185 0.370 10000.000 0.000 0.300 15000.000 0.000 0.505
76 228.00 1500.00 135 159 0.370 10000.000 0.000 0.300 15000.000 0.000 0.505
77 231.00 1500.00 168 144 0.370 10000.000 0.000 0.300 15000.000 0.000 0.505
78 234.00 1500.00 172 132 0.370 10000.000 0.000 0.300 15000.000 0.000 0.505
79 237.00 1500.00 187 155 0.370 10000.000 0.000 0.300 15000.000 0.000 0.505
80 240.00 1500.00 172 139 0.370 10000.000 0.000 0.300 15000.000 0.000 0.505
81 243.00 1500.00 159 147 0.370 10000.000 0.000 0.300 15000.000 0.000 0.505
82 246.00 1500.00 173 144 0.370 10000.000 0.000 0.300 15000.000 0.000 0.505
83 249.00 1500.00 182 150 0.370 10000.000 0.000 0.300 15000.000 0.000 0.505
84 252.00 1500.00 158 144 0.370 10000.000 0.000 0.300 15000.000 0.000 0.505
85 255.00 1500.00 166 149 0.370 10000.000 0.000 0.300 15000.000 0.000 0.505
86 258.00 1500.00 183 133 0.370 10000.000 0.000 0.300 15000.000 0.000 0.505
87 261.00 1500.00 139 153 0.370 10000.000 0.000 0.300 15000.000 0.000 0.505
88 264.00 1500.00 153 173 0.370 10000.000 0.000 0.300 15000.000 0.000 0.505
89 267.00 1500.00 160 167 0.370 10000.000 0.000 0.300 15000.000 0.000 0.505
90 270.00 1500.00 138 188 0.370 10000.000 0.000 0.300 15000.000 0.000 0.505
91 273.00 1500.00 138 186 0.370 10000.000 0.000 0.300 15000.000 0.000 0.505
92 276.00 1500.00 127 224 0.370 10000.000 0.000 0.300 15000.000 0.000 0.505
93 279.00 1500.00 135 214 0.370 10000.000 0.000 0.300 15000.000 0.000 0.505
94 282.00 1500.00 137 238 0.370 10000.000 0.000 0.300 15000.000 0.000 0.505
95 285.00 1500.00 122 225 0.370 10000.000 0.000 0.300 15000.000 0.000 0.505
96 288.00 1500.00 141 217 0.370 10000.000 0.000 0.300 15000.000 0.000 0.505
97 291.00 1500.00 128 201 0.370 10000.000 0.000 0.300 15000.000 0.000 0.505
98 294.00 1500.00 126 231 0.370 10000.000 0.000 0.300 15000.000 0.000 0.505
99 297.00 1500.00 120 215 0.370 10000.000 0.000 0.300 15000.000 0.000 0.505
100 300.00 1500.00 150 216 0.370 10000.000 0.000 0.300 15000.000 0.000 0.505
101 303.00 1500.00 157 197 0.370 10000.000 0.000 0.300 15000.000 0.000 0.505
102 306.00 1500.00 136 178 0.370 10000.000 0.000 0.300 15000.000 0.000 0.505
103 309.00 1500.00 144 156 0.370 10000.000 0.000 0.300 15000.000 0.000 0.505
104 312.00 1500.00 150 135 0.370 10000.000 0.000 0.300 15000.000 0.000 0.505
105 315.00 1500.00 132 155 0.370 10000.000 0.000 0.300 15000.000 0.000 0.505
106 318.00 1500.00 133 158 0.370 10000.000 0.000 0.300 15000.000 0.000 0.505
107 321.00 1500.00 116 154 0.370 10000.000 0.000 0.300 15000.000 0.000 0.505
108 324.00 1500.00 124 151 0.370 10000.000 0.000 0.300 15000.000 0.000 0.505
109 327.00 1500.00 127 118 0.370 10000.000 0.000 0.300 15000.000 0.000 0.505
110 330.00 1500.00 150 180 0.370 10000.000 0.000 0.300 15000.000 0.000 0.505
111 333.00 1500.00 139 160 0.370 10000.000 0.000 0.300 15000.000 0.000 0.505
112 336.00 1500.00 164 145 0.370 10000.000 0.000 0.300 15000.000 0.000 0.505
113 339.00 1500.00 152 171 0.370 10000.000 0.000 0.300 15000.000 0.000 0.505
114 342.00 1500.00 162 182 0.370 10000.000 0.000 0.300 15000.000 0.000 0.505
115 345.00 1500.00 163 178 0.370 10000.000 0.000 0.300 15000.000 0.000 0.505
116 348.00 1500.00 184 188 0.370 10000.000 0.000 0.300 15000.000 0.000 0.505
117 351.00 1500.00 166 164 0.370 10000.000 0.000 0.300 15000.000 0.000 0.505
118 354.00 1500.00 183 179 0.370 10000.000 0.000 0.300 15000.000 0.000 0.505
119 357.00 1500.00 174 160 0.370 10000.000 0.000 0.300 15000.000 0.000 0.505
120 360.00 1500.00 190 140 0.370 10000.000 0.000 0.300 15000.000 0.000 0.505
121 363.00 1500.00 187 168 0.370 10000.000 0.000 0.300 15000.000 0.000 0.505
122 366.00 1500.00 176 144 0.370 10000.000 0.000 0.300 15000.000 0.000 0.505
123 369.00 1500.00 170 167 0.370 10000.000 0.000 0.300 15000.000 0.000 0.505
124 372.00 1500.00 138 152 0.370 10000.000 0.000 0.300 15000.000 0.000 0.505
125 375.00 1500.00 141 138 0.370 10000.000 0.000 0.300 15000.000 0.000 0.505
126 378.00 1500.00 157 156 0.370 10000.000 0.000 0.300 15000.000 0.000 0.505
127 381.00 1500.00 167 140 0.370 10000.000 0.000 0.300 15000.000 0.000 0.505
128 384.00 1500.00 165 169 0.370 10000.000 0.000 0.300 15000.000 0.000 0.505
129 387.00 1500.00 151 201 0.370 10000.000 0.000 0.300 15000.000 0.000 0.505
130 390.00 1500.00 152 157 0.370 10000.000 0.000 0.300 15000.000 0.000 0.505
131 393.00 1500.00 153 193 0.370 10000.000 0.000 0.300 15000.000 0.000 0.505
132 396.00 1500.00 141 198 0.370 10000.000 0.000 0.300 15000.000 0.000 0.505
133 399.00 1500.00 126 222 0.370 10000.000 0.000 0.300 15000.000 0.000 0.505
134 402.00 1500.00 144 215 0.370 10000.000 0.000 0.300 15000.000 0.000 0.505
135 405.00 1500.00 132 233 0.370 10000.000 0.000 0.300 15000.000 0.000 0.505
136 408.00 1500.00 131 238 0.370 10000.000 0.000 0.300 15000.000 0.000 0.505
137 411.00 1500.00 147 217 0.370 10000.000 0.000 0.300 15000.000 0.000 0.505
138 414.00 1500.00 158 229 0.370 10000.000 0.000 0.300 15000.000 0.000 0.505
139 417.00 1500.00 157 189 0.370 10000.000 0.000 0.300 15000.000 0.000 0.505
140 420.00 1500.00 149 197 0.370 10000.000 0.000 0.300 15000.000 0.000 0.505
141 423.00 1500.00 129 207 0.370 10000.000 0.000 0.300 15000.000 0.000 0.505
142 426.00 1500.00 142 226 0.370 10000.000 0.000 0.300 15000.000 0.000 0.505
143 429.00 1500.00 160 168 0.370 10000.000 0.000 0.300 15000.000 0.000 0.505
144 432.00 1500.00 135 167 0.370 10000.000 0.000 0.300 15000.000 0.000 0.505
