# BinNR ps_pos tot-time (s)  O-Beam H-Beam AUX Amplitude(func. gen.)
-2.098389 20.0 3866 6517 28 3 3794481283 10383 0.000000 0.000000 5.500000
-1.889648 20.0 3739 6611 26 4 3794481310 10350 0.000000 0.000000 5.500000
-1.680908 20.0 3709 6809 22 5 3794481336 10518 0.000000 0.000000 5.500000
-1.472168 20.0 3519 6976 26 6 3794481362 10495 0.000000 0.000000 5.500000
-1.263428 20.0 3209 7155 32 2 3794481388 10364 0.000000 0.000000 5.500000
-1.054688 20.0 3335 7204 29 1 3794481415 10539 0.000000 0.000000 5.500000
-0.823975 20.0 3439 6922 24 4 3794481441 10361 0.000000 0.000000 5.500000
-0.626221 20.0 3619 6728 21 5 3794481467 10347 0.000000 0.000000 5.500000
-0.428467 20.0 3786 6618 18 3 3794481494 10404 0.000000 0.000000 5.500000
-0.208740 20.0 3905 6455 27 1 3794481520 10360 0.000000 0.000000 5.500000
0.010986 20.0 3813 6531 20 3 3794481547 10344 0.000000 0.000000 5.500000
0.208740 20.0 3895 6584 19 4 3794481573 10479 0.000000 0.000000 5.500000
0.406494 20.0 3563 6882 27 4 3794481599 10445 0.000000 0.000000 5.500000
0.615234 20.0 3385 7079 19 3 3794481625 10464 0.000000 0.000000 5.500000
0.823975 20.0 3368 7227 28 4 3794481652 10595 0.000000 0.000000 5.500000
1.043701 20.0 3458 7180 32 3 3794481678 10638 0.000000 0.000000 5.500000
1.252441 20.0 3461 6812 27 4 3794481704 10273 0.000000 0.000000 5.500000
1.472168 20.0 3597 6795 27 2 3794481730 10392 0.000000 0.000000 5.500000
1.669922 20.0 3782 6483 21 4 3794481757 10265 0.000000 0.000000 5.500000
1.889648 20.0 3897 6404 29 3 3794481783 10301 0.000000 0.000000 5.500000
2.098389 20.0 3871 6490 26 4 3794481810 10361 0.000000 0.000000 5.500000
2.307129 20.0 3717 6702 23 6 3794481836 10419 0.000000 0.000000 5.500000
