# BinNR ps_pos tot-time (s)  O-Beam H-Beam AUX Amplitude(func. gen.)
-2.109375 20.0 3332 7142 28 4 3794480105 10474 0.000000 0.000000 4.500000
-1.900635 20.0 3536 6802 22 0 3794480131 10338 0.000000 0.000000 4.500000
-1.669922 20.0 3687 6553 23 3 3794480157 10240 0.000000 0.000000 4.500000
-1.483154 20.0 3776 6676 31 2 3794480184 10452 0.000000 0.000000 4.500000
-1.263428 20.0 3875 6619 28 6 3794480210 10494 0.000000 0.000000 4.500000
-1.054688 20.0 3715 6612 26 6 3794480237 10327 0.000000 0.000000 4.500000
-0.845947 20.0 3641 6891 27 5 3794480263 10532 0.000000 0.000000 4.500000
-0.626221 20.0 3446 7027 28 4 3794480289 10473 0.000000 0.000000 4.500000
-0.428467 20.0 3347 7097 19 6 3794480316 10444 0.000000 0.000000 4.500000
-0.219727 20.0 3313 7051 27 6 3794480342 10364 0.000000 0.000000 4.500000
0.000000 20.0 3347 7031 34 4 3794480368 10378 0.000000 0.000000 4.500000
0.208740 20.0 3548 6731 25 5 3794480395 10279 0.000000 0.000000 4.500000
0.417480 20.0 3724 6849 19 4 3794480421 10573 0.000000 0.000000 4.500000
0.626221 20.0 3771 6645 29 3 3794480447 10416 0.000000 0.000000 4.500000
0.834961 20.0 3722 6549 39 2 3794480474 10271 0.000000 0.000000 4.500000
1.054688 20.0 3743 6656 23 4 3794480500 10399 0.000000 0.000000 4.500000
1.263428 20.0 3563 6734 27 3 3794480526 10297 0.000000 0.000000 4.500000
1.461182 20.0 3555 6864 18 6 3794480552 10419 0.000000 0.000000 4.500000
1.669922 20.0 3460 7050 28 4 3794480579 10510 0.000000 0.000000 4.500000
1.889648 20.0 3363 6988 29 5 3794480605 10351 0.000000 0.000000 4.500000
2.098389 20.0 3525 6882 20 5 3794480632 10407 0.000000 0.000000 4.500000
2.296143 20.0 3540 6797 27 0 3794480658 10337 0.000000 0.000000 4.500000
