# BinNR microsec tot-time (s)  O-Beam H-beam AUX Ampl(V) f(Hz) phase(deg) chi(pos)
0 0.00 1200.00 195 2698 347 4.127 2000.000 0.000 0.643
1 50.00 1200.00 146 2852 435 4.127 2000.000 0.000 0.643
2 100.00 1200.00 135 2827 515 4.127 2000.000 0.000 0.643
3 150.00 1200.00 128 3006 597 4.127 2000.000 0.000 0.643
4 200.00 1200.00 154 2778 582 4.127 2000.000 0.000 0.643
5 250.00 1200.00 187 2637 493 4.127 2000.000 0.000 0.643
6 300.00 1200.00 206 2554 400 4.127 2000.000 0.000 0.643
7 350.00 1200.00 281 2476 278 4.127 2000.000 0.000 0.643
8 400.00 1200.00 248 2365 270 4.127 2000.000 0.000 0.643
9 450.00 1200.00 217 2467 273 4.127 2000.000 0.000 0.643
10 500.00 1200.00 181 2658 316 4.127 2000.000 0.000 0.643
11 550.00 1200.00 152 2797 468 4.127 2000.000 0.000 0.643
12 600.00 1200.00 142 2861 518 4.127 2000.000 0.000 0.643
13 650.00 1200.00 135 2914 638 4.127 2000.000 0.000 0.643
14 700.00 1200.00 164 2926 596 4.127 2000.000 0.000 0.643
15 750.00 1200.00 178 2647 501 4.127 2000.000 0.000 0.643
16 800.00 1200.00 217 2502 360 4.127 2000.000 0.000 0.643
17 850.00 1200.00 216 2380 318 4.127 2000.000 0.000 0.643
18 900.00 1200.00 251 2338 271 4.127 2000.000 0.000 0.643
19 950.00 1200.00 235 2465 303 4.127 2000.000 0.000 0.643
