# BinNR microsec tot-time (s)  O-Beam H-beam AUX Ampl(V) f(Hz) phase(deg) chi(pos)
0 0.00 1200.00 114 2854 246 4.127 2000.000 0.000 0.214
1 50.00 1200.00 123 2834 227 4.127 2000.000 0.000 0.214
2 100.00 1200.00 166 2820 199 4.127 2000.000 0.000 0.214
3 150.00 1200.00 138 2777 188 4.127 2000.000 0.000 0.214
4 200.00 1200.00 135 2893 180 4.127 2000.000 0.000 0.214
5 250.00 1200.00 119 2859 210 4.127 2000.000 0.000 0.214
6 300.00 1200.00 83 3036 252 4.127 2000.000 0.000 0.214
7 350.00 1200.00 110 3028 298 4.127 2000.000 0.000 0.214
8 400.00 1200.00 95 2922 395 4.127 2000.000 0.000 0.214
9 450.00 1200.00 106 2988 334 4.127 2000.000 0.000 0.214
10 500.00 1200.00 108 2905 280 4.127 2000.000 0.000 0.214
11 550.00 1200.00 139 2848 239 4.127 2000.000 0.000 0.214
12 600.00 1200.00 147 2708 188 4.127 2000.000 0.000 0.214
13 650.00 1200.00 141 2721 182 4.127 2000.000 0.000 0.214
14 700.00 1200.00 136 2891 190 4.127 2000.000 0.000 0.214
15 750.00 1200.00 121 2917 203 4.127 2000.000 0.000 0.214
16 800.00 1200.00 104 3026 222 4.127 2000.000 0.000 0.214
17 850.00 1200.00 102 2993 356 4.127 2000.000 0.000 0.214
18 900.00 1200.00 88 3060 372 4.127 2000.000 0.000 0.214
19 950.00 1200.00 87 3039 315 4.127 2000.000 0.000 0.214
