# BinNR microsec tot-time (s)  O-Beam AUX Ampl_1(V) f_1(Hz) phase_1(deg) Ampl_2(V) f_2(Hz) phase_2(deg) chi(pos)
0 0.00 1200.03 82 172 0.760 10000.000 0.000 0.580 15000.000 0.000 -0.011
1 3.00 1200.03 178 329 0.760 10000.000 0.000 0.580 15000.000 0.000 -0.011
2 6.00 1200.03 213 367 0.760 10000.000 0.000 0.580 15000.000 0.000 -0.011
3 9.00 1200.03 214 365 0.760 10000.000 0.000 0.580 15000.000 0.000 -0.011
4 12.00 1200.03 247 354 0.760 10000.000 0.000 0.580 15000.000 0.000 -0.011
5 15.00 1200.03 247 333 0.760 10000.000 0.000 0.580 15000.000 0.000 -0.011
6 18.00 1200.03 242 364 0.760 10000.000 0.000 0.580 15000.000 0.000 -0.011
7 21.00 1200.03 244 343 0.760 10000.000 0.000 0.580 15000.000 0.000 -0.011
8 24.00 1200.03 243 306 0.760 10000.000 0.000 0.580 15000.000 0.000 -0.011
9 27.00 1200.03 232 290 0.760 10000.000 0.000 0.580 15000.000 0.000 -0.011
10 30.00 1200.03 209 289 0.760 10000.000 0.000 0.580 15000.000 0.000 -0.011
11 33.00 1200.03 212 266 0.760 10000.000 0.000 0.580 15000.000 0.000 -0.011
12 36.00 1200.03 203 264 0.760 10000.000 0.000 0.580 15000.000 0.000 -0.011
13 39.00 1200.03 191 257 0.760 10000.000 0.000 0.580 15000.000 0.000 -0.011
14 42.00 1200.03 191 225 0.760 10000.000 0.000 0.580 15000.000 0.000 -0.011
15 45.00 1200.03 184 205 0.760 10000.000 0.000 0.580 15000.000 0.000 -0.011
16 48.00 1200.03 203 244 0.760 10000.000 0.000 0.580 15000.000 0.000 -0.011
17 51.00 1200.03 179 248 0.760 10000.000 0.000 0.580 15000.000 0.000 -0.011
18 54.00 1200.03 162 237 0.760 10000.000 0.000 0.580 15000.000 0.000 -0.011
19 57.00 1200.03 187 260 0.760 10000.000 0.000 0.580 15000.000 0.000 -0.011
20 60.00 1200.03 163 301 0.760 10000.000 0.000 0.580 15000.000 0.000 -0.011
21 63.00 1200.03 149 261 0.760 10000.000 0.000 0.580 15000.000 0.000 -0.011
22 66.00 1200.03 181 307 0.760 10000.000 0.000 0.580 15000.000 0.000 -0.011
23 69.00 1200.03 151 299 0.760 10000.000 0.000 0.580 15000.000 0.000 -0.011
24 72.00 1200.03 189 310 0.760 10000.000 0.000 0.580 15000.000 0.000 -0.011
25 75.00 1200.03 193 286 0.760 10000.000 0.000 0.580 15000.000 0.000 -0.011
26 78.00 1200.03 199 284 0.760 10000.000 0.000 0.580 15000.000 0.000 -0.011
27 81.00 1200.03 196 331 0.760 10000.000 0.000 0.580 15000.000 0.000 -0.011
28 84.00 1200.03 164 314 0.760 10000.000 0.000 0.580 15000.000 0.000 -0.011
29 87.00 1200.03 150 323 0.760 10000.000 0.000 0.580 15000.000 0.000 -0.011
30 90.00 1200.03 158 381 0.760 10000.000 0.000 0.580 15000.000 0.000 -0.011
31 93.00 1200.03 157 448 0.760 10000.000 0.000 0.580 15000.000 0.000 -0.011
32 96.00 1200.03 145 474 0.760 10000.000 0.000 0.580 15000.000 0.000 -0.011
33 99.00 1200.03 129 527 0.760 10000.000 0.000 0.580 15000.000 0.000 -0.011
34 102.00 1200.03 132 526 0.760 10000.000 0.000 0.580 15000.000 0.000 -0.011
35 105.00 1200.03 155 579 0.760 10000.000 0.000 0.580 15000.000 0.000 -0.011
36 108.00 1200.03 167 606 0.760 10000.000 0.000 0.580 15000.000 0.000 -0.011
37 111.00 1200.03 148 518 0.760 10000.000 0.000 0.580 15000.000 0.000 -0.011
38 114.00 1200.03 162 489 0.760 10000.000 0.000 0.580 15000.000 0.000 -0.011
39 117.00 1200.03 170 468 0.760 10000.000 0.000 0.580 15000.000 0.000 -0.011
40 120.00 1200.03 184 438 0.760 10000.000 0.000 0.580 15000.000 0.000 -0.011
41 123.00 1200.03 205 361 0.760 10000.000 0.000 0.580 15000.000 0.000 -0.011
42 126.00 1200.03 201 307 0.760 10000.000 0.000 0.580 15000.000 0.000 -0.011
43 129.00 1200.03 229 253 0.760 10000.000 0.000 0.580 15000.000 0.000 -0.011
44 132.00 1200.03 245 194 0.760 10000.000 0.000 0.580 15000.000 0.000 -0.011
45 135.00 1200.03 261 169 0.760 10000.000 0.000 0.580 15000.000 0.000 -0.011
46 138.00 1200.03 267 136 0.760 10000.000 0.000 0.580 15000.000 0.000 -0.011
47 141.00 1200.03 256 147 0.760 10000.000 0.000 0.580 15000.000 0.000 -0.011
48 144.00 1200.03 246 116 0.760 10000.000 0.000 0.580 15000.000 0.000 -0.011
49 147.00 1200.03 232 118 0.760 10000.000 0.000 0.580 15000.000 0.000 -0.011
50 150.00 1200.03 258 148 0.760 10000.000 0.000 0.580 15000.000 0.000 -0.011
51 153.00 1200.03 230 156 0.760 10000.000 0.000 0.580 15000.000 0.000 -0.011
52 156.00 1200.03 213 194 0.760 10000.000 0.000 0.580 15000.000 0.000 -0.011
53 159.00 1200.03 238 207 0.760 10000.000 0.000 0.580 15000.000 0.000 -0.011
54 162.00 1200.03 190 283 0.760 10000.000 0.000 0.580 15000.000 0.000 -0.011
55 165.00 1200.03 158 317 0.760 10000.000 0.000 0.580 15000.000 0.000 -0.011
56 168.00 1200.03 161 365 0.760 10000.000 0.000 0.580 15000.000 0.000 -0.011
57 171.00 1200.03 136 423 0.760 10000.000 0.000 0.580 15000.000 0.000 -0.011
58 174.00 1200.03 138 515 0.760 10000.000 0.000 0.580 15000.000 0.000 -0.011
59 177.00 1200.03 132 524 0.760 10000.000 0.000 0.580 15000.000 0.000 -0.011
60 180.00 1200.03 118 533 0.760 10000.000 0.000 0.580 15000.000 0.000 -0.011
61 183.00 1200.03 110 525 0.760 10000.000 0.000 0.580 15000.000 0.000 -0.011
62 186.00 1200.03 130 554 0.760 10000.000 0.000 0.580 15000.000 0.000 -0.011
63 189.00 1200.03 118 523 0.760 10000.000 0.000 0.580 15000.000 0.000 -0.011
64 192.00 1200.03 142 496 0.760 10000.000 0.000 0.580 15000.000 0.000 -0.011
65 195.00 1200.03 135 410 0.760 10000.000 0.000 0.580 15000.000 0.000 -0.011
66 198.00 1200.03 156 401 0.760 10000.000 0.000 0.580 15000.000 0.000 -0.011
67 201.00 1200.03 173 339 0.760 10000.000 0.000 0.580 15000.000 0.000 -0.011
68 204.00 1200.03 167 353 0.760 10000.000 0.000 0.580 15000.000 0.000 -0.011
69 207.00 1200.03 194 317 0.760 10000.000 0.000 0.580 15000.000 0.000 -0.011
70 210.00 1200.03 218 288 0.760 10000.000 0.000 0.580 15000.000 0.000 -0.011
71 213.00 1200.03 214 289 0.760 10000.000 0.000 0.580 15000.000 0.000 -0.011
72 216.00 1200.03 255 243 0.760 10000.000 0.000 0.580 15000.000 0.000 -0.011
73 219.00 1200.03 230 258 0.760 10000.000 0.000 0.580 15000.000 0.000 -0.011
74 222.00 1200.03 221 269 0.760 10000.000 0.000 0.580 15000.000 0.000 -0.011
75 225.00 1200.03 232 297 0.760 10000.000 0.000 0.580 15000.000 0.000 -0.011
76 228.00 1200.03 219 295 0.760 10000.000 0.000 0.580 15000.000 0.000 -0.011
77 231.00 1200.03 210 313 0.760 10000.000 0.000 0.580 15000.000 0.000 -0.011
78 234.00 1200.03 235 327 0.760 10000.000 0.000 0.580 15000.000 0.000 -0.011
79 237.00 1200.03 218 313 0.760 10000.000 0.000 0.580 15000.000 0.000 -0.011
80 240.00 1200.03 212 298 0.760 10000.000 0.000 0.580 15000.000 0.000 -0.011
81 243.00 1200.03 203 295 0.760 10000.000 0.000 0.580 15000.000 0.000 -0.011
82 246.00 1200.03 179 317 0.760 10000.000 0.000 0.580 15000.000 0.000 -0.011
83 249.00 1200.03 157 314 0.760 10000.000 0.000 0.580 15000.000 0.000 -0.011
84 252.00 1200.03 189 276 0.760 10000.000 0.000 0.580 15000.000 0.000 -0.011
85 255.00 1200.03 163 277 0.760 10000.000 0.000 0.580 15000.000 0.000 -0.011
86 258.00 1200.03 193 232 0.760 10000.000 0.000 0.580 15000.000 0.000 -0.011
87 261.00 1200.03 185 195 0.760 10000.000 0.000 0.580 15000.000 0.000 -0.011
88 264.00 1200.03 180 203 0.760 10000.000 0.000 0.580 15000.000 0.000 -0.011
89 267.00 1200.03 165 186 0.760 10000.000 0.000 0.580 15000.000 0.000 -0.011
90 270.00 1200.03 168 177 0.760 10000.000 0.000 0.580 15000.000 0.000 -0.011
91 273.00 1200.03 199 205 0.760 10000.000 0.000 0.580 15000.000 0.000 -0.011
92 276.00 1200.03 184 210 0.760 10000.000 0.000 0.580 15000.000 0.000 -0.011
93 279.00 1200.03 213 268 0.760 10000.000 0.000 0.580 15000.000 0.000 -0.011
94 282.00 1200.03 204 272 0.760 10000.000 0.000 0.580 15000.000 0.000 -0.011
95 285.00 1200.03 188 343 0.760 10000.000 0.000 0.580 15000.000 0.000 -0.011
96 288.00 1200.03 180 381 0.760 10000.000 0.000 0.580 15000.000 0.000 -0.011
97 291.00 1200.03 164 412 0.760 10000.000 0.000 0.580 15000.000 0.000 -0.011
98 294.00 1200.03 196 453 0.760 10000.000 0.000 0.580 15000.000 0.000 -0.011
99 297.00 1200.03 173 525 0.760 10000.000 0.000 0.580 15000.000 0.000 -0.011
100 300.00 1200.03 169 530 0.760 10000.000 0.000 0.580 15000.000 0.000 -0.011
101 303.00 1200.03 212 529 0.760 10000.000 0.000 0.580 15000.000 0.000 -0.011
102 306.00 1200.03 142 580 0.760 10000.000 0.000 0.580 15000.000 0.000 -0.011
103 309.00 1200.03 135 568 0.760 10000.000 0.000 0.580 15000.000 0.000 -0.011
104 312.00 1200.03 163 551 0.760 10000.000 0.000 0.580 15000.000 0.000 -0.011
105 315.00 1200.03 162 501 0.760 10000.000 0.000 0.580 15000.000 0.000 -0.011
106 318.00 1200.03 147 484 0.760 10000.000 0.000 0.580 15000.000 0.000 -0.011
107 321.00 1200.03 152 416 0.760 10000.000 0.000 0.580 15000.000 0.000 -0.011
108 324.00 1200.03 155 332 0.760 10000.000 0.000 0.580 15000.000 0.000 -0.011
109 327.00 1200.03 169 263 0.760 10000.000 0.000 0.580 15000.000 0.000 -0.011
110 330.00 1200.03 145 238 0.760 10000.000 0.000 0.580 15000.000 0.000 -0.011
111 333.00 1200.03 151 200 0.760 10000.000 0.000 0.580 15000.000 0.000 -0.011
112 336.00 1200.03 160 156 0.760 10000.000 0.000 0.580 15000.000 0.000 -0.011
113 339.00 1200.03 172 129 0.760 10000.000 0.000 0.580 15000.000 0.000 -0.011
114 342.00 1200.03 176 125 0.760 10000.000 0.000 0.580 15000.000 0.000 -0.011
115 345.00 1200.03 156 140 0.760 10000.000 0.000 0.580 15000.000 0.000 -0.011
116 348.00 1200.03 168 130 0.760 10000.000 0.000 0.580 15000.000 0.000 -0.011
117 351.00 1200.03 170 119 0.760 10000.000 0.000 0.580 15000.000 0.000 -0.011
118 354.00 1200.03 208 177 0.760 10000.000 0.000 0.580 15000.000 0.000 -0.011
119 357.00 1200.03 203 208 0.760 10000.000 0.000 0.580 15000.000 0.000 -0.011
120 360.00 1200.03 216 239 0.760 10000.000 0.000 0.580 15000.000 0.000 -0.011
121 363.00 1200.03 204 319 0.760 10000.000 0.000 0.580 15000.000 0.000 -0.011
122 366.00 1200.03 225 371 0.760 10000.000 0.000 0.580 15000.000 0.000 -0.011
123 369.00 1200.03 210 416 0.760 10000.000 0.000 0.580 15000.000 0.000 -0.011
124 372.00 1200.03 226 421 0.760 10000.000 0.000 0.580 15000.000 0.000 -0.011
125 375.00 1200.03 261 470 0.760 10000.000 0.000 0.580 15000.000 0.000 -0.011
126 378.00 1200.03 246 479 0.760 10000.000 0.000 0.580 15000.000 0.000 -0.011
127 381.00 1200.03 263 529 0.760 10000.000 0.000 0.580 15000.000 0.000 -0.011
128 384.00 1200.03 228 520 0.760 10000.000 0.000 0.580 15000.000 0.000 -0.011
129 387.00 1200.03 244 501 0.760 10000.000 0.000 0.580 15000.000 0.000 -0.011
130 390.00 1200.03 218 476 0.760 10000.000 0.000 0.580 15000.000 0.000 -0.011
131 393.00 1200.03 226 477 0.760 10000.000 0.000 0.580 15000.000 0.000 -0.011
132 396.00 1200.03 201 424 0.760 10000.000 0.000 0.580 15000.000 0.000 -0.011
133 399.00 1200.03 181 346 0.760 10000.000 0.000 0.580 15000.000 0.000 -0.011
134 402.00 1200.03 162 357 0.760 10000.000 0.000 0.580 15000.000 0.000 -0.011
135 405.00 1200.03 138 319 0.760 10000.000 0.000 0.580 15000.000 0.000 -0.011
136 408.00 1200.03 122 299 0.760 10000.000 0.000 0.580 15000.000 0.000 -0.011
137 411.00 1200.03 133 273 0.760 10000.000 0.000 0.580 15000.000 0.000 -0.011
138 414.00 1200.03 118 279 0.760 10000.000 0.000 0.580 15000.000 0.000 -0.011
139 417.00 1200.03 98 256 0.760 10000.000 0.000 0.580 15000.000 0.000 -0.011
140 420.00 1200.03 113 269 0.760 10000.000 0.000 0.580 15000.000 0.000 -0.011
141 423.00 1200.03 135 281 0.760 10000.000 0.000 0.580 15000.000 0.000 -0.011
142 426.00 1200.03 132 295 0.760 10000.000 0.000 0.580 15000.000 0.000 -0.011
143 429.00 1200.03 129 303 0.760 10000.000 0.000 0.580 15000.000 0.000 -0.011
144 432.00 1200.03 150 327 0.760 10000.000 0.000 0.580 15000.000 0.000 -0.011
