# BinNR microsec tot-time (s)  O-Beam H-beam AUX Ampl(V) f(Hz) phase(deg) chi(pos)
0 0.00 900.00 102 663 3 5.155 2000.000 0.000 -0.791
1 25.00 900.00 88 582 1 5.155 2000.000 0.000 -0.791
2 50.00 900.00 85 430 1 5.155 2000.000 0.000 -0.791
3 75.00 900.00 92 378 4 5.155 2000.000 0.000 -0.791
4 100.00 900.00 139 429 0 5.155 2000.000 0.000 -0.791
5 125.00 900.00 189 461 3 5.155 2000.000 0.000 -0.791
6 150.00 900.00 284 575 2 5.155 2000.000 0.000 -0.791
7 175.00 900.00 390 557 2 5.155 2000.000 0.000 -0.791
8 200.00 900.00 376 567 1 5.155 2000.000 0.000 -0.791
9 225.00 900.00 344 538 4 5.155 2000.000 0.000 -0.791
10 250.00 900.00 311 451 4 5.155 2000.000 0.000 -0.791
11 275.00 900.00 219 413 3 5.155 2000.000 0.000 -0.791
12 300.00 900.00 244 434 1 5.155 2000.000 0.000 -0.791
13 325.00 900.00 251 507 5 5.155 2000.000 0.000 -0.791
14 350.00 900.00 338 591 1 5.155 2000.000 0.000 -0.791
15 375.00 900.00 409 649 3 5.155 2000.000 0.000 -0.791
16 400.00 900.00 418 689 4 5.155 2000.000 0.000 -0.791
17 425.00 900.00 356 676 3 5.155 2000.000 0.000 -0.791
18 450.00 900.00 251 720 2 5.155 2000.000 0.000 -0.791
19 475.00 900.00 132 649 4 5.155 2000.000 0.000 -0.791
20 500.00 900.00 116 658 1 5.155 2000.000 0.000 -0.791
21 525.00 900.00 93 584 4 5.155 2000.000 0.000 -0.791
22 550.00 900.00 101 453 4 5.155 2000.000 0.000 -0.791
23 575.00 900.00 84 406 1 5.155 2000.000 0.000 -0.791
24 600.00 900.00 127 411 2 5.155 2000.000 0.000 -0.791
25 625.00 900.00 187 475 3 5.155 2000.000 0.000 -0.791
26 650.00 900.00 282 496 4 5.155 2000.000 0.000 -0.791
27 675.00 900.00 357 599 0 5.155 2000.000 0.000 -0.791
28 700.00 900.00 366 579 1 5.155 2000.000 0.000 -0.791
29 725.00 900.00 354 499 3 5.155 2000.000 0.000 -0.791
30 750.00 900.00 263 468 0 5.155 2000.000 0.000 -0.791
31 775.00 900.00 255 436 0 5.155 2000.000 0.000 -0.791
32 800.00 900.00 258 463 1 5.155 2000.000 0.000 -0.791
33 825.00 900.00 272 535 3 5.155 2000.000 0.000 -0.791
34 850.00 900.00 306 644 0 5.155 2000.000 0.000 -0.791
35 875.00 900.00 388 693 1 5.155 2000.000 0.000 -0.791
36 900.00 900.00 413 753 3 5.155 2000.000 0.000 -0.791
37 925.00 900.00 335 689 2 5.155 2000.000 0.000 -0.791
38 950.00 900.00 247 701 0 5.155 2000.000 0.000 -0.791
39 975.00 900.00 165 741 4 5.155 2000.000 0.000 -0.791
