# ps_pos exposure_time(s) O-Beam H-Beam Monitor AUX-Beam time(s) O+H+AUX encod1 encod2
1 -2.713623 30.0 2196 2951 93491 16510 3843194566 5147 0.000000 0.000000
2 -2.647705 30.0 2088 2982 92571 16867 3843194601 5070 0.000000 0.000000
3 -2.581787 30.0 2102 3499 93362 15839 3843194637 5601 0.000000 0.000000
4 -2.504883 30.0 1843 4140 93096 14904 3843194672 5983 0.000000 0.000000
5 -2.438965 30.0 1785 5042 93310 13657 3843194707 6827 0.000000 0.000000
6 -2.373047 30.0 1700 6470 93713 10880 3843194742 8170 0.000000 0.000000
7 -2.307129 30.0 1631 7496 93117 9234 3843194777 9127 0.000000 0.000000
8 -2.252197 30.0 1560 8392 93099 7671 3843194813 9952 0.000000 0.000000
9 -2.175293 30.0 1588 8869 92862 6757 3843194848 10457 0.000000 0.000000
10 -2.109375 30.0 1577 8725 92685 6593 3843194883 10302 0.000000 0.000000
11 -2.032471 30.0 1662 8025 93100 7539 3843194918 9687 0.000000 0.000000
12 -1.966553 30.0 1959 7166 93216 9192 3843194953 9125 0.000000 0.000000
13 -1.900635 30.0 2074 6201 93633 11224 3843194989 8275 0.000000 0.000000
14 -1.834717 30.0 1997 4916 93273 12997 3843195024 6913 0.000000 0.000000
15 -1.768799 30.0 2101 3953 93122 14825 3843195059 6054 0.000000 0.000000
16 -1.702881 30.0 2254 3207 92789 16109 3843195094 5461 0.000000 0.000000
17 -1.636963 30.0 2111 2798 93905 16718 3843195129 4909 0.000000 0.000000
18 -1.582031 30.0 2112 3131 93854 16543 3843195164 5243 0.000000 0.000000
19 -1.516113 30.0 1959 3550 93395 15826 3843195200 5509 0.000000 0.000000
20 -1.450195 30.0 1897 4481 92961 14205 3843195235 6378 0.000000 0.000000
21 -1.395264 30.0 1811 5542 93068 12142 3843195270 7353 0.000000 0.000000
22 -1.329346 30.0 1676 6839 92635 9960 3843195305 8515 0.000000 0.000000
23 -1.252441 30.0 1610 7797 93159 8210 3843195340 9407 0.000000 0.000000
24 -1.175537 30.0 1544 8580 93159 6892 3843195376 10124 0.000000 0.000000
25 -1.120605 30.0 1630 9107 93173 6473 3843195411 10737 0.000000 0.000000
26 -1.043701 30.0 1625 8766 93106 6837 3843195446 10391 0.000000 0.000000
27 -0.977783 30.0 1760 7874 93146 8111 3843195481 9634 0.000000 0.000000
28 -0.911865 30.0 1932 6870 92724 9880 3843195516 8802 0.000000 0.000000
29 -0.856934 30.0 2028 5684 92762 11539 3843195552 7712 0.000000 0.000000
30 -0.780029 30.0 2195 4620 92812 13845 3843195587 6815 0.000000 0.000000
