# ps_pos exposure_time(s) O-Beam H-Beam Monitor AUX-Beam time(s) O+H+AUX encod1 encod2
1 -1.439209 30.0 1858 4557 93263 14392 3843192392 6415 0.000000 0.000000
2 -1.384277 30.0 1785 5596 93149 12482 3843192427 7381 0.000000 0.000000
3 -1.340332 30.0 1753 6712 92994 10493 3843192462 8465 0.000000 0.000000
4 -1.274414 30.0 1645 7606 93036 8584 3843192497 9251 0.000000 0.000000
5 -1.197510 30.0 1709 8154 93021 7463 3843192533 9863 0.000000 0.000000
6 -1.120605 30.0 1635 8969 93137 6526 3843192568 10604 0.000000 0.000000
7 -1.043701 30.0 1757 8547 93094 6820 3843192603 10304 0.000000 0.000000
8 -0.999756 30.0 1770 8019 93236 7703 3843192656 9789 0.000000 0.000000
9 -0.911865 30.0 1888 6907 92687 9684 3843192691 8795 0.000000 0.000000
10 -0.867920 30.0 2126 6160 93093 11137 3843192726 8286 0.000000 0.000000
11 -0.802002 30.0 2147 5135 92916 12971 3843192775 7282 0.000000 0.000000
12 -0.747070 30.0 2179 4047 93018 14696 3843192810 6226 0.000000 0.000000
13 -0.681152 30.0 2158 3143 93093 16385 3843192846 5301 0.000000 0.000000
14 -0.615234 30.0 2186 2948 93142 16752 3843192881 5134 0.000000 0.000000
15 -0.549316 30.0 2172 3016 93389 16702 3843192916 5188 0.000000 0.000000
16 -0.494385 30.0 2027 3540 92925 15880 3843192951 5567 0.000000 0.000000
17 -0.417480 30.0 1955 4581 93272 14581 3843192986 6536 0.000000 0.000000
18 -0.362549 30.0 1725 5596 92933 12423 3843193022 7321 0.000000 0.000000
19 -0.285645 30.0 1733 6756 92688 10337 3843193057 8489 0.000000 0.000000
20 -0.230713 30.0 1605 7783 93195 8620 3843193092 9388 0.000000 0.000000
21 -0.164795 30.0 1592 8563 93235 7204 3843193127 10155 0.000000 0.000000
22 -0.098877 30.0 1615 8832 93403 6589 3843193162 10447 0.000000 0.000000
23 -0.032959 30.0 1657 8761 92971 6842 3843193198 10418 0.000000 0.000000
24 0.032959 30.0 1811 8089 93259 7975 3843193233 9900 0.000000 0.000000
25 0.109863 30.0 1912 7216 92712 9291 3843193268 9128 0.000000 0.000000
26 0.175781 30.0 2095 6013 93401 11437 3843193303 8108 0.000000 0.000000
27 0.241699 30.0 2111 4893 93287 13409 3843193338 7004 0.000000 0.000000
28 0.296631 30.0 2078 3985 93268 14832 3843193374 6063 0.000000 0.000000
29 0.340576 30.0 2125 3257 92851 16040 3843193409 5382 0.000000 0.000000
30 0.428467 30.0 2171 2993 93128 16613 3843193444 5164 0.000000 0.000000
