# BinNR microsec tot-time (s)  O-Beam H-beam AUX Ampl1(V) f1(Hz) phase1(deg) Ampl1(V) f1(Hz) phase1(deg) chi(pos)
0 0.00 1200.00 58 223 99 0.425 2000.000 0.000 0.425 3000.000 0.000 0.923
1 16.67 1200.00 41 213 118 0.425 2000.000 0.000 0.425 3000.000 0.000 0.923
2 33.33 1200.00 38 205 113 0.425 2000.000 0.000 0.425 3000.000 0.000 0.923
3 50.00 1200.00 46 232 114 0.425 2000.000 0.000 0.425 3000.000 0.000 0.923
4 66.67 1200.00 43 197 106 0.425 2000.000 0.000 0.425 3000.000 0.000 0.923
5 83.33 1200.00 38 242 104 0.425 2000.000 0.000 0.425 3000.000 0.000 0.923
6 100.00 1200.00 52 229 115 0.425 2000.000 0.000 0.425 3000.000 0.000 0.923
7 116.67 1200.00 33 233 112 0.425 2000.000 0.000 0.425 3000.000 0.000 0.923
8 133.33 1200.00 51 277 97 0.425 2000.000 0.000 0.425 3000.000 0.000 0.923
9 150.00 1200.00 32 217 100 0.425 2000.000 0.000 0.425 3000.000 0.000 0.923
10 166.67 1200.00 40 222 114 0.425 2000.000 0.000 0.425 3000.000 0.000 0.923
11 183.33 1200.00 48 190 102 0.425 2000.000 0.000 0.425 3000.000 0.000 0.923
12 200.00 1200.00 30 210 96 0.425 2000.000 0.000 0.425 3000.000 0.000 0.923
13 216.67 1200.00 33 230 117 0.425 2000.000 0.000 0.425 3000.000 0.000 0.923
14 233.33 1200.00 34 186 99 0.425 2000.000 0.000 0.425 3000.000 0.000 0.923
15 250.00 1200.00 39 191 102 0.425 2000.000 0.000 0.425 3000.000 0.000 0.923
16 266.67 1200.00 30 202 109 0.425 2000.000 0.000 0.425 3000.000 0.000 0.923
17 283.33 1200.00 40 227 147 0.425 2000.000 0.000 0.425 3000.000 0.000 0.923
18 300.00 1200.00 41 197 121 0.425 2000.000 0.000 0.425 3000.000 0.000 0.923
19 316.67 1200.00 55 194 127 0.425 2000.000 0.000 0.425 3000.000 0.000 0.923
20 333.33 1200.00 37 193 123 0.425 2000.000 0.000 0.425 3000.000 0.000 0.923
21 350.00 1200.00 51 226 116 0.425 2000.000 0.000 0.425 3000.000 0.000 0.923
22 366.67 1200.00 45 207 106 0.425 2000.000 0.000 0.425 3000.000 0.000 0.923
23 383.33 1200.00 40 217 124 0.425 2000.000 0.000 0.425 3000.000 0.000 0.923
24 400.00 1200.00 37 203 97 0.425 2000.000 0.000 0.425 3000.000 0.000 0.923
25 416.67 1200.00 50 190 94 0.425 2000.000 0.000 0.425 3000.000 0.000 0.923
26 433.33 1200.00 39 185 99 0.425 2000.000 0.000 0.425 3000.000 0.000 0.923
27 450.00 1200.00 44 231 94 0.425 2000.000 0.000 0.425 3000.000 0.000 0.923
28 466.67 1200.00 50 247 93 0.425 2000.000 0.000 0.425 3000.000 0.000 0.923
29 483.33 1200.00 50 191 95 0.425 2000.000 0.000 0.425 3000.000 0.000 0.923
30 500.00 1200.00 31 201 104 0.425 2000.000 0.000 0.425 3000.000 0.000 0.923
31 516.67 1200.00 49 196 84 0.425 2000.000 0.000 0.425 3000.000 0.000 0.923
32 533.33 1200.00 31 194 113 0.425 2000.000 0.000 0.425 3000.000 0.000 0.923
33 550.00 1200.00 38 188 114 0.425 2000.000 0.000 0.425 3000.000 0.000 0.923
34 566.67 1200.00 32 183 107 0.425 2000.000 0.000 0.425 3000.000 0.000 0.923
35 583.33 1200.00 34 218 97 0.425 2000.000 0.000 0.425 3000.000 0.000 0.923
36 600.00 1200.00 41 179 99 0.425 2000.000 0.000 0.425 3000.000 0.000 0.923
37 616.67 1200.00 39 216 119 0.425 2000.000 0.000 0.425 3000.000 0.000 0.923
38 633.33 1200.00 30 218 121 0.425 2000.000 0.000 0.425 3000.000 0.000 0.923
39 650.00 1200.00 37 250 103 0.425 2000.000 0.000 0.425 3000.000 0.000 0.923
40 666.67 1200.00 46 227 127 0.425 2000.000 0.000 0.425 3000.000 0.000 0.923
41 683.33 1200.00 30 214 130 0.425 2000.000 0.000 0.425 3000.000 0.000 0.923
42 700.00 1200.00 42 261 106 0.425 2000.000 0.000 0.425 3000.000 0.000 0.923
43 716.67 1200.00 39 218 112 0.425 2000.000 0.000 0.425 3000.000 0.000 0.923
44 733.33 1200.00 45 229 131 0.425 2000.000 0.000 0.425 3000.000 0.000 0.923
45 750.00 1200.00 32 245 112 0.425 2000.000 0.000 0.425 3000.000 0.000 0.923
46 766.67 1200.00 41 232 126 0.425 2000.000 0.000 0.425 3000.000 0.000 0.923
47 783.33 1200.00 43 228 105 0.425 2000.000 0.000 0.425 3000.000 0.000 0.923
48 800.00 1200.00 34 186 99 0.425 2000.000 0.000 0.425 3000.000 0.000 0.923
49 816.67 1200.00 38 207 105 0.425 2000.000 0.000 0.425 3000.000 0.000 0.923
50 833.34 1200.00 51 180 120 0.425 2000.000 0.000 0.425 3000.000 0.000 0.923
51 850.00 1200.00 47 193 105 0.425 2000.000 0.000 0.425 3000.000 0.000 0.923
52 866.67 1200.00 32 199 109 0.425 2000.000 0.000 0.425 3000.000 0.000 0.923
53 883.34 1200.00 45 195 95 0.425 2000.000 0.000 0.425 3000.000 0.000 0.923
54 900.00 1200.00 32 169 99 0.425 2000.000 0.000 0.425 3000.000 0.000 0.923
55 916.67 1200.00 46 185 107 0.425 2000.000 0.000 0.425 3000.000 0.000 0.923
56 933.34 1200.00 33 204 104 0.425 2000.000 0.000 0.425 3000.000 0.000 0.923
57 950.00 1200.00 38 179 102 0.425 2000.000 0.000 0.425 3000.000 0.000 0.923
58 966.67 1200.00 31 208 112 0.425 2000.000 0.000 0.425 3000.000 0.000 0.923
59 983.34 1200.00 49 211 101 0.425 2000.000 0.000 0.425 3000.000 0.000 0.923
60 1000.00 1200.00 43 231 94 0.425 2000.000 0.000 0.425 3000.000 0.000 0.923
61 1016.67 1200.00 44 217 139 0.425 2000.000 0.000 0.425 3000.000 0.000 0.923
62 1033.34 1200.00 54 230 103 0.425 2000.000 0.000 0.425 3000.000 0.000 0.923
63 1050.00 1200.00 42 212 128 0.425 2000.000 0.000 0.425 3000.000 0.000 0.923
64 1066.67 1200.00 35 222 119 0.425 2000.000 0.000 0.425 3000.000 0.000 0.923
65 1083.34 1200.00 37 214 121 0.425 2000.000 0.000 0.425 3000.000 0.000 0.923
66 1100.00 1200.00 48 246 108 0.425 2000.000 0.000 0.425 3000.000 0.000 0.923
67 1116.67 1200.00 34 221 114 0.425 2000.000 0.000 0.425 3000.000 0.000 0.923
68 1133.34 1200.00 35 231 90 0.425 2000.000 0.000 0.425 3000.000 0.000 0.923
69 1150.00 1200.00 40 232 105 0.425 2000.000 0.000 0.425 3000.000 0.000 0.923
70 1166.67 1200.00 35 223 98 0.425 2000.000 0.000 0.425 3000.000 0.000 0.923
71 1183.34 1200.00 36 222 103 0.425 2000.000 0.000 0.425 3000.000 0.000 0.923
72 1200.00 1200.00 38 221 104 0.425 2000.000 0.000 0.425 3000.000 0.000 0.923
73 1216.67 1200.00 48 208 120 0.425 2000.000 0.000 0.425 3000.000 0.000 0.923
74 1233.34 1200.00 31 224 108 0.425 2000.000 0.000 0.425 3000.000 0.000 0.923
75 1250.00 1200.00 41 193 97 0.425 2000.000 0.000 0.425 3000.000 0.000 0.923
76 1266.67 1200.00 42 197 110 0.425 2000.000 0.000 0.425 3000.000 0.000 0.923
77 1283.34 1200.00 46 181 121 0.425 2000.000 0.000 0.425 3000.000 0.000 0.923
78 1300.00 1200.00 48 203 94 0.425 2000.000 0.000 0.425 3000.000 0.000 0.923
79 1316.67 1200.00 42 190 124 0.425 2000.000 0.000 0.425 3000.000 0.000 0.923
80 1333.34 1200.00 43 200 129 0.425 2000.000 0.000 0.425 3000.000 0.000 0.923
81 1350.00 1200.00 54 208 117 0.425 2000.000 0.000 0.425 3000.000 0.000 0.923
82 1366.67 1200.00 47 235 106 0.425 2000.000 0.000 0.425 3000.000 0.000 0.923
83 1383.34 1200.00 48 217 105 0.425 2000.000 0.000 0.425 3000.000 0.000 0.923
84 1400.00 1200.00 47 217 105 0.425 2000.000 0.000 0.425 3000.000 0.000 0.923
85 1416.67 1200.00 46 204 103 0.425 2000.000 0.000 0.425 3000.000 0.000 0.923
86 1433.34 1200.00 42 220 106 0.425 2000.000 0.000 0.425 3000.000 0.000 0.923
87 1450.00 1200.00 36 223 113 0.425 2000.000 0.000 0.425 3000.000 0.000 0.923
88 1466.67 1200.00 44 202 113 0.425 2000.000 0.000 0.425 3000.000 0.000 0.923
89 1483.34 1200.00 37 214 95 0.425 2000.000 0.000 0.425 3000.000 0.000 0.923
90 1500.00 1200.00 49 222 117 0.425 2000.000 0.000 0.425 3000.000 0.000 0.923
91 1516.67 1200.00 54 192 96 0.425 2000.000 0.000 0.425 3000.000 0.000 0.923
92 1533.34 1200.00 39 228 95 0.425 2000.000 0.000 0.425 3000.000 0.000 0.923
93 1550.00 1200.00 27 225 103 0.425 2000.000 0.000 0.425 3000.000 0.000 0.923
94 1566.67 1200.00 39 205 92 0.425 2000.000 0.000 0.425 3000.000 0.000 0.923
95 1583.34 1200.00 39 195 101 0.425 2000.000 0.000 0.425 3000.000 0.000 0.923
96 1600.00 1200.00 36 231 129 0.425 2000.000 0.000 0.425 3000.000 0.000 0.923
97 1616.67 1200.00 48 210 128 0.425 2000.000 0.000 0.425 3000.000 0.000 0.923
98 1633.34 1200.00 45 217 119 0.425 2000.000 0.000 0.425 3000.000 0.000 0.923
99 1650.00 1200.00 44 226 121 0.425 2000.000 0.000 0.425 3000.000 0.000 0.923
100 1666.67 1200.00 35 206 104 0.425 2000.000 0.000 0.425 3000.000 0.000 0.923
101 1683.34 1200.00 48 215 134 0.425 2000.000 0.000 0.425 3000.000 0.000 0.923
102 1700.00 1200.00 46 241 136 0.425 2000.000 0.000 0.425 3000.000 0.000 0.923
103 1716.67 1200.00 35 256 138 0.425 2000.000 0.000 0.425 3000.000 0.000 0.923
104 1733.34 1200.00 31 236 109 0.425 2000.000 0.000 0.425 3000.000 0.000 0.923
105 1750.00 1200.00 36 248 121 0.425 2000.000 0.000 0.425 3000.000 0.000 0.923
106 1766.67 1200.00 42 250 118 0.425 2000.000 0.000 0.425 3000.000 0.000 0.923
107 1783.34 1200.00 44 205 109 0.425 2000.000 0.000 0.425 3000.000 0.000 0.923
108 1800.00 1200.00 36 200 139 0.425 2000.000 0.000 0.425 3000.000 0.000 0.923
109 1816.67 1200.00 33 233 110 0.425 2000.000 0.000 0.425 3000.000 0.000 0.923
110 1833.34 1200.00 37 191 106 0.425 2000.000 0.000 0.425 3000.000 0.000 0.923
111 1850.00 1200.00 35 189 98 0.425 2000.000 0.000 0.425 3000.000 0.000 0.923
112 1866.67 1200.00 44 188 120 0.425 2000.000 0.000 0.425 3000.000 0.000 0.923
113 1883.34 1200.00 53 207 94 0.425 2000.000 0.000 0.425 3000.000 0.000 0.923
114 1900.00 1200.00 38 214 92 0.425 2000.000 0.000 0.425 3000.000 0.000 0.923
115 1916.67 1200.00 50 203 95 0.425 2000.000 0.000 0.425 3000.000 0.000 0.923
116 1933.34 1200.00 36 186 109 0.425 2000.000 0.000 0.425 3000.000 0.000 0.923
117 1950.00 1200.00 38 205 80 0.425 2000.000 0.000 0.425 3000.000 0.000 0.923
118 1966.67 1200.00 57 219 114 0.425 2000.000 0.000 0.425 3000.000 0.000 0.923
119 1983.34 1200.00 35 184 107 0.425 2000.000 0.000 0.425 3000.000 0.000 0.923
