# BinNR microsec tot-time (s)  O-Beam AUX Ampl(V) f(Hz) phase(deg) chi(pos)
0 0.00 1500.01 99 277 1.000 10000.000 0.000 0.154
1 3.00 1500.01 184 533 1.000 10000.000 0.000 0.154
2 6.00 1500.01 215 576 1.000 10000.000 0.000 0.154
3 9.00 1500.01 216 544 1.000 10000.000 0.000 0.154
4 12.00 1500.01 204 626 1.000 10000.000 0.000 0.154
5 15.00 1500.01 198 595 1.000 10000.000 0.000 0.154
6 18.00 1500.01 209 634 1.000 10000.000 0.000 0.154
7 21.00 1500.01 184 596 1.000 10000.000 0.000 0.154
8 24.00 1500.01 241 587 1.000 10000.000 0.000 0.154
9 27.00 1500.01 204 633 1.000 10000.000 0.000 0.154
10 30.00 1500.01 259 633 1.000 10000.000 0.000 0.154
11 33.00 1500.01 236 685 1.000 10000.000 0.000 0.154
12 36.00 1500.01 229 612 1.000 10000.000 0.000 0.154
13 39.00 1500.01 213 669 1.000 10000.000 0.000 0.154
14 42.00 1500.01 208 647 1.000 10000.000 0.000 0.154
15 45.00 1500.01 204 666 1.000 10000.000 0.000 0.154
16 48.00 1500.01 236 645 1.000 10000.000 0.000 0.154
17 51.00 1500.01 222 698 1.000 10000.000 0.000 0.154
18 54.00 1500.01 249 647 1.000 10000.000 0.000 0.154
19 57.00 1500.01 214 626 1.000 10000.000 0.000 0.154
20 60.00 1500.01 212 627 1.000 10000.000 0.000 0.154
21 63.00 1500.01 242 652 1.000 10000.000 0.000 0.154
22 66.00 1500.01 225 630 1.000 10000.000 0.000 0.154
23 69.00 1500.01 210 659 1.000 10000.000 0.000 0.154
24 72.00 1500.01 223 623 1.000 10000.000 0.000 0.154
25 75.00 1500.01 190 628 1.000 10000.000 0.000 0.154
26 78.00 1500.01 180 597 1.000 10000.000 0.000 0.154
27 81.00 1500.01 174 536 1.000 10000.000 0.000 0.154
28 84.00 1500.01 221 579 1.000 10000.000 0.000 0.154
29 87.00 1500.01 224 572 1.000 10000.000 0.000 0.154
30 90.00 1500.01 177 537 1.000 10000.000 0.000 0.154
31 93.00 1500.01 172 520 1.000 10000.000 0.000 0.154
32 96.00 1500.01 184 589 1.000 10000.000 0.000 0.154
33 99.00 1500.01 190 549 1.000 10000.000 0.000 0.154
34 102.00 1500.01 188 576 1.000 10000.000 0.000 0.154
35 105.00 1500.01 208 563 1.000 10000.000 0.000 0.154
36 108.00 1500.01 189 577 1.000 10000.000 0.000 0.154
37 111.00 1500.01 203 561 1.000 10000.000 0.000 0.154
38 114.00 1500.01 210 525 1.000 10000.000 0.000 0.154
39 117.00 1500.01 202 586 1.000 10000.000 0.000 0.154
40 120.00 1500.01 229 614 1.000 10000.000 0.000 0.154
41 123.00 1500.01 217 591 1.000 10000.000 0.000 0.154
42 126.00 1500.01 220 639 1.000 10000.000 0.000 0.154
43 129.00 1500.01 202 665 1.000 10000.000 0.000 0.154
44 132.00 1500.01 216 656 1.000 10000.000 0.000 0.154
45 135.00 1500.01 213 637 1.000 10000.000 0.000 0.154
46 138.00 1500.01 235 640 1.000 10000.000 0.000 0.154
47 141.00 1500.01 211 624 1.000 10000.000 0.000 0.154
48 144.00 1500.01 245 662 1.000 10000.000 0.000 0.154
49 147.00 1500.01 199 622 1.000 10000.000 0.000 0.154
50 150.00 1500.01 225 732 1.000 10000.000 0.000 0.154
51 153.00 1500.01 214 677 1.000 10000.000 0.000 0.154
52 156.00 1500.01 229 677 1.000 10000.000 0.000 0.154
53 159.00 1500.01 239 630 1.000 10000.000 0.000 0.154
54 162.00 1500.01 221 696 1.000 10000.000 0.000 0.154
55 165.00 1500.01 221 603 1.000 10000.000 0.000 0.154
56 168.00 1500.01 183 662 1.000 10000.000 0.000 0.154
57 171.00 1500.01 216 639 1.000 10000.000 0.000 0.154
58 174.00 1500.01 209 637 1.000 10000.000 0.000 0.154
59 177.00 1500.01 209 630 1.000 10000.000 0.000 0.154
60 180.00 1500.01 223 598 1.000 10000.000 0.000 0.154
61 183.00 1500.01 198 613 1.000 10000.000 0.000 0.154
62 186.00 1500.01 187 604 1.000 10000.000 0.000 0.154
63 189.00 1500.01 209 570 1.000 10000.000 0.000 0.154
64 192.00 1500.01 216 552 1.000 10000.000 0.000 0.154
65 195.00 1500.01 173 531 1.000 10000.000 0.000 0.154
66 198.00 1500.01 177 548 1.000 10000.000 0.000 0.154
67 201.00 1500.01 188 531 1.000 10000.000 0.000 0.154
68 204.00 1500.01 202 531 1.000 10000.000 0.000 0.154
69 207.00 1500.01 195 586 1.000 10000.000 0.000 0.154
70 210.00 1500.01 208 548 1.000 10000.000 0.000 0.154
71 213.00 1500.01 223 570 1.000 10000.000 0.000 0.154
72 216.00 1500.01 192 599 1.000 10000.000 0.000 0.154
73 219.00 1500.01 203 613 1.000 10000.000 0.000 0.154
74 222.00 1500.01 209 611 1.000 10000.000 0.000 0.154
75 225.00 1500.01 227 639 1.000 10000.000 0.000 0.154
76 228.00 1500.01 237 656 1.000 10000.000 0.000 0.154
77 231.00 1500.01 204 581 1.000 10000.000 0.000 0.154
78 234.00 1500.01 234 656 1.000 10000.000 0.000 0.154
79 237.00 1500.01 223 656 1.000 10000.000 0.000 0.154
80 240.00 1500.01 218 647 1.000 10000.000 0.000 0.154
81 243.00 1500.01 198 672 1.000 10000.000 0.000 0.154
82 246.00 1500.01 252 707 1.000 10000.000 0.000 0.154
83 249.00 1500.01 217 661 1.000 10000.000 0.000 0.154
84 252.00 1500.01 188 655 1.000 10000.000 0.000 0.154
85 255.00 1500.01 249 651 1.000 10000.000 0.000 0.154
86 258.00 1500.01 215 646 1.000 10000.000 0.000 0.154
87 261.00 1500.01 215 638 1.000 10000.000 0.000 0.154
88 264.00 1500.01 224 624 1.000 10000.000 0.000 0.154
89 267.00 1500.01 260 592 1.000 10000.000 0.000 0.154
90 270.00 1500.01 193 579 1.000 10000.000 0.000 0.154
91 273.00 1500.01 229 624 1.000 10000.000 0.000 0.154
92 276.00 1500.01 196 574 1.000 10000.000 0.000 0.154
93 279.00 1500.01 209 605 1.000 10000.000 0.000 0.154
94 282.00 1500.01 225 566 1.000 10000.000 0.000 0.154
95 285.00 1500.01 205 563 1.000 10000.000 0.000 0.154
96 288.00 1500.01 207 579 1.000 10000.000 0.000 0.154
97 291.00 1500.01 212 536 1.000 10000.000 0.000 0.154
98 294.00 1500.01 209 560 1.000 10000.000 0.000 0.154
99 297.00 1500.01 200 562 1.000 10000.000 0.000 0.154
100 300.00 1500.01 201 532 1.000 10000.000 0.000 0.154
101 303.00 1500.01 216 523 1.000 10000.000 0.000 0.154
102 306.00 1500.01 179 597 1.000 10000.000 0.000 0.154
103 309.00 1500.01 194 568 1.000 10000.000 0.000 0.154
104 312.00 1500.01 218 573 1.000 10000.000 0.000 0.154
105 315.00 1500.01 211 583 1.000 10000.000 0.000 0.154
106 318.00 1500.01 201 565 1.000 10000.000 0.000 0.154
107 321.00 1500.01 208 599 1.000 10000.000 0.000 0.154
108 324.00 1500.01 213 607 1.000 10000.000 0.000 0.154
109 327.00 1500.01 209 644 1.000 10000.000 0.000 0.154
110 330.00 1500.01 266 653 1.000 10000.000 0.000 0.154
111 333.00 1500.01 238 667 1.000 10000.000 0.000 0.154
112 336.00 1500.01 241 680 1.000 10000.000 0.000 0.154
113 339.00 1500.01 215 665 1.000 10000.000 0.000 0.154
114 342.00 1500.01 221 657 1.000 10000.000 0.000 0.154
115 345.00 1500.01 220 668 1.000 10000.000 0.000 0.154
116 348.00 1500.01 232 665 1.000 10000.000 0.000 0.154
117 351.00 1500.01 204 645 1.000 10000.000 0.000 0.154
118 354.00 1500.01 225 623 1.000 10000.000 0.000 0.154
119 357.00 1500.01 234 634 1.000 10000.000 0.000 0.154
120 360.00 1500.01 231 674 1.000 10000.000 0.000 0.154
121 363.00 1500.01 218 639 1.000 10000.000 0.000 0.154
122 366.00 1500.01 204 608 1.000 10000.000 0.000 0.154
123 369.00 1500.01 218 679 1.000 10000.000 0.000 0.154
124 372.00 1500.01 191 658 1.000 10000.000 0.000 0.154
125 375.00 1500.01 241 586 1.000 10000.000 0.000 0.154
126 378.00 1500.01 210 599 1.000 10000.000 0.000 0.154
127 381.00 1500.01 218 552 1.000 10000.000 0.000 0.154
128 384.00 1500.01 209 538 1.000 10000.000 0.000 0.154
129 387.00 1500.01 228 523 1.000 10000.000 0.000 0.154
130 390.00 1500.01 210 595 1.000 10000.000 0.000 0.154
131 393.00 1500.01 221 536 1.000 10000.000 0.000 0.154
132 396.00 1500.01 198 521 1.000 10000.000 0.000 0.154
133 399.00 1500.01 209 532 1.000 10000.000 0.000 0.154
134 402.00 1500.01 196 592 1.000 10000.000 0.000 0.154
