# BinNR microsec tot-time (s)  O-Beam AUX Ampl(V) f(Hz) phase(deg) chi(pos)
0 0.00 1200.00 92 164 2.000 10000.000 0.000 -1.505
1 3.00 1200.00 197 314 2.000 10000.000 0.000 -1.505
2 6.00 1200.00 208 386 2.000 10000.000 0.000 -1.505
3 9.00 1200.00 197 356 2.000 10000.000 0.000 -1.505
4 12.00 1200.00 236 399 2.000 10000.000 0.000 -1.505
5 15.00 1200.00 186 416 2.000 10000.000 0.000 -1.505
6 18.00 1200.00 197 418 2.000 10000.000 0.000 -1.505
7 21.00 1200.00 202 413 2.000 10000.000 0.000 -1.505
8 24.00 1200.00 199 419 2.000 10000.000 0.000 -1.505
9 27.00 1200.00 222 337 2.000 10000.000 0.000 -1.505
10 30.00 1200.00 212 350 2.000 10000.000 0.000 -1.505
11 33.00 1200.00 183 283 2.000 10000.000 0.000 -1.505
12 36.00 1200.00 204 282 2.000 10000.000 0.000 -1.505
13 39.00 1200.00 163 232 2.000 10000.000 0.000 -1.505
14 42.00 1200.00 166 229 2.000 10000.000 0.000 -1.505
15 45.00 1200.00 165 160 2.000 10000.000 0.000 -1.505
16 48.00 1200.00 148 166 2.000 10000.000 0.000 -1.505
17 51.00 1200.00 158 166 2.000 10000.000 0.000 -1.505
18 54.00 1200.00 145 184 2.000 10000.000 0.000 -1.505
19 57.00 1200.00 121 160 2.000 10000.000 0.000 -1.505
20 60.00 1200.00 138 170 2.000 10000.000 0.000 -1.505
21 63.00 1200.00 138 184 2.000 10000.000 0.000 -1.505
22 66.00 1200.00 115 176 2.000 10000.000 0.000 -1.505
23 69.00 1200.00 135 182 2.000 10000.000 0.000 -1.505
24 72.00 1200.00 144 163 2.000 10000.000 0.000 -1.505
25 75.00 1200.00 131 182 2.000 10000.000 0.000 -1.505
26 78.00 1200.00 157 184 2.000 10000.000 0.000 -1.505
27 81.00 1200.00 158 138 2.000 10000.000 0.000 -1.505
28 84.00 1200.00 153 173 2.000 10000.000 0.000 -1.505
29 87.00 1200.00 133 182 2.000 10000.000 0.000 -1.505
30 90.00 1200.00 139 182 2.000 10000.000 0.000 -1.505
31 93.00 1200.00 152 201 2.000 10000.000 0.000 -1.505
32 96.00 1200.00 166 223 2.000 10000.000 0.000 -1.505
33 99.00 1200.00 160 268 2.000 10000.000 0.000 -1.505
34 102.00 1200.00 195 287 2.000 10000.000 0.000 -1.505
35 105.00 1200.00 190 324 2.000 10000.000 0.000 -1.505
36 108.00 1200.00 181 359 2.000 10000.000 0.000 -1.505
37 111.00 1200.00 180 409 2.000 10000.000 0.000 -1.505
38 114.00 1200.00 211 428 2.000 10000.000 0.000 -1.505
39 117.00 1200.00 201 435 2.000 10000.000 0.000 -1.505
40 120.00 1200.00 199 446 2.000 10000.000 0.000 -1.505
41 123.00 1200.00 196 446 2.000 10000.000 0.000 -1.505
42 126.00 1200.00 189 375 2.000 10000.000 0.000 -1.505
43 129.00 1200.00 225 385 2.000 10000.000 0.000 -1.505
44 132.00 1200.00 186 339 2.000 10000.000 0.000 -1.505
45 135.00 1200.00 172 303 2.000 10000.000 0.000 -1.505
46 138.00 1200.00 182 243 2.000 10000.000 0.000 -1.505
47 141.00 1200.00 178 189 2.000 10000.000 0.000 -1.505
48 144.00 1200.00 160 164 2.000 10000.000 0.000 -1.505
49 147.00 1200.00 158 185 2.000 10000.000 0.000 -1.505
50 150.00 1200.00 150 172 2.000 10000.000 0.000 -1.505
51 153.00 1200.00 146 162 2.000 10000.000 0.000 -1.505
52 156.00 1200.00 131 135 2.000 10000.000 0.000 -1.505
53 159.00 1200.00 132 149 2.000 10000.000 0.000 -1.505
54 162.00 1200.00 132 177 2.000 10000.000 0.000 -1.505
55 165.00 1200.00 116 155 2.000 10000.000 0.000 -1.505
56 168.00 1200.00 139 179 2.000 10000.000 0.000 -1.505
57 171.00 1200.00 131 192 2.000 10000.000 0.000 -1.505
58 174.00 1200.00 106 190 2.000 10000.000 0.000 -1.505
59 177.00 1200.00 138 180 2.000 10000.000 0.000 -1.505
60 180.00 1200.00 134 163 2.000 10000.000 0.000 -1.505
61 183.00 1200.00 140 170 2.000 10000.000 0.000 -1.505
62 186.00 1200.00 165 189 2.000 10000.000 0.000 -1.505
63 189.00 1200.00 151 187 2.000 10000.000 0.000 -1.505
64 192.00 1200.00 171 189 2.000 10000.000 0.000 -1.505
65 195.00 1200.00 169 218 2.000 10000.000 0.000 -1.505
66 198.00 1200.00 181 249 2.000 10000.000 0.000 -1.505
67 201.00 1200.00 162 285 2.000 10000.000 0.000 -1.505
68 204.00 1200.00 196 366 2.000 10000.000 0.000 -1.505
69 207.00 1200.00 200 381 2.000 10000.000 0.000 -1.505
70 210.00 1200.00 175 369 2.000 10000.000 0.000 -1.505
71 213.00 1200.00 218 436 2.000 10000.000 0.000 -1.505
72 216.00 1200.00 211 427 2.000 10000.000 0.000 -1.505
73 219.00 1200.00 205 414 2.000 10000.000 0.000 -1.505
74 222.00 1200.00 209 455 2.000 10000.000 0.000 -1.505
75 225.00 1200.00 201 393 2.000 10000.000 0.000 -1.505
76 228.00 1200.00 191 405 2.000 10000.000 0.000 -1.505
77 231.00 1200.00 204 349 2.000 10000.000 0.000 -1.505
78 234.00 1200.00 192 317 2.000 10000.000 0.000 -1.505
79 237.00 1200.00 166 261 2.000 10000.000 0.000 -1.505
80 240.00 1200.00 184 240 2.000 10000.000 0.000 -1.505
81 243.00 1200.00 162 196 2.000 10000.000 0.000 -1.505
82 246.00 1200.00 162 178 2.000 10000.000 0.000 -1.505
83 249.00 1200.00 179 152 2.000 10000.000 0.000 -1.505
84 252.00 1200.00 140 144 2.000 10000.000 0.000 -1.505
85 255.00 1200.00 149 164 2.000 10000.000 0.000 -1.505
86 258.00 1200.00 165 190 2.000 10000.000 0.000 -1.505
87 261.00 1200.00 139 184 2.000 10000.000 0.000 -1.505
88 264.00 1200.00 139 180 2.000 10000.000 0.000 -1.505
89 267.00 1200.00 150 174 2.000 10000.000 0.000 -1.505
90 270.00 1200.00 127 187 2.000 10000.000 0.000 -1.505
91 273.00 1200.00 138 167 2.000 10000.000 0.000 -1.505
92 276.00 1200.00 156 165 2.000 10000.000 0.000 -1.505
93 279.00 1200.00 154 197 2.000 10000.000 0.000 -1.505
94 282.00 1200.00 136 165 2.000 10000.000 0.000 -1.505
95 285.00 1200.00 146 169 2.000 10000.000 0.000 -1.505
96 288.00 1200.00 156 167 2.000 10000.000 0.000 -1.505
97 291.00 1200.00 162 199 2.000 10000.000 0.000 -1.505
98 294.00 1200.00 173 233 2.000 10000.000 0.000 -1.505
99 297.00 1200.00 156 258 2.000 10000.000 0.000 -1.505
100 300.00 1200.00 151 239 2.000 10000.000 0.000 -1.505
