# BinNR microsec tot-time (s)  O-Beam AUX Ampl(V) f(Hz) phase(deg) chi(pos)
0 0.00 1200.00 164 510 1.100 10000.000 0.000 -0.890
1 3.00 1200.00 331 1021 1.100 10000.000 0.000 -0.890
2 6.00 1200.00 302 1021 1.100 10000.000 0.000 -0.890
3 9.00 1200.00 305 1014 1.100 10000.000 0.000 -0.890
4 12.00 1200.00 299 955 1.100 10000.000 0.000 -0.890
5 15.00 1200.00 301 983 1.100 10000.000 0.000 -0.890
6 18.00 1200.00 286 1013 1.100 10000.000 0.000 -0.890
7 21.00 1200.00 293 1034 1.100 10000.000 0.000 -0.890
8 24.00 1200.00 327 1048 1.100 10000.000 0.000 -0.890
9 27.00 1200.00 317 1020 1.100 10000.000 0.000 -0.890
10 30.00 1200.00 306 985 1.100 10000.000 0.000 -0.890
11 33.00 1200.00 304 979 1.100 10000.000 0.000 -0.890
12 36.00 1200.00 299 1018 1.100 10000.000 0.000 -0.890
13 39.00 1200.00 295 942 1.100 10000.000 0.000 -0.890
14 42.00 1200.00 333 1023 1.100 10000.000 0.000 -0.890
15 45.00 1200.00 295 1048 1.100 10000.000 0.000 -0.890
16 48.00 1200.00 268 1034 1.100 10000.000 0.000 -0.890
17 51.00 1200.00 324 1000 1.100 10000.000 0.000 -0.890
18 54.00 1200.00 293 1008 1.100 10000.000 0.000 -0.890
19 57.00 1200.00 272 1014 1.100 10000.000 0.000 -0.890
20 60.00 1200.00 317 987 1.100 10000.000 0.000 -0.890
21 63.00 1200.00 294 969 1.100 10000.000 0.000 -0.890
22 66.00 1200.00 315 986 1.100 10000.000 0.000 -0.890
23 69.00 1200.00 286 1018 1.100 10000.000 0.000 -0.890
24 72.00 1200.00 322 913 1.100 10000.000 0.000 -0.890
25 75.00 1200.00 303 965 1.100 10000.000 0.000 -0.890
26 78.00 1200.00 299 988 1.100 10000.000 0.000 -0.890
27 81.00 1200.00 304 1023 1.100 10000.000 0.000 -0.890
28 84.00 1200.00 315 984 1.100 10000.000 0.000 -0.890
29 87.00 1200.00 266 919 1.100 10000.000 0.000 -0.890
30 90.00 1200.00 336 1037 1.100 10000.000 0.000 -0.890
31 93.00 1200.00 300 988 1.100 10000.000 0.000 -0.890
32 96.00 1200.00 291 976 1.100 10000.000 0.000 -0.890
33 99.00 1200.00 318 995 1.100 10000.000 0.000 -0.890
34 102.00 1200.00 276 982 1.100 10000.000 0.000 -0.890
35 105.00 1200.00 322 1001 1.100 10000.000 0.000 -0.890
36 108.00 1200.00 297 1016 1.100 10000.000 0.000 -0.890
37 111.00 1200.00 300 982 1.100 10000.000 0.000 -0.890
38 114.00 1200.00 277 1018 1.100 10000.000 0.000 -0.890
39 117.00 1200.00 292 1003 1.100 10000.000 0.000 -0.890
40 120.00 1200.00 306 1049 1.100 10000.000 0.000 -0.890
41 123.00 1200.00 299 1006 1.100 10000.000 0.000 -0.890
42 126.00 1200.00 311 1021 1.100 10000.000 0.000 -0.890
43 129.00 1200.00 277 1074 1.100 10000.000 0.000 -0.890
44 132.00 1200.00 310 1103 1.100 10000.000 0.000 -0.890
45 135.00 1200.00 337 1056 1.100 10000.000 0.000 -0.890
46 138.00 1200.00 324 1026 1.100 10000.000 0.000 -0.890
47 141.00 1200.00 292 987 1.100 10000.000 0.000 -0.890
48 144.00 1200.00 291 1069 1.100 10000.000 0.000 -0.890
49 147.00 1200.00 311 988 1.100 10000.000 0.000 -0.890
50 150.00 1200.00 283 1004 1.100 10000.000 0.000 -0.890
51 153.00 1200.00 278 970 1.100 10000.000 0.000 -0.890
52 156.00 1200.00 329 1027 1.100 10000.000 0.000 -0.890
53 159.00 1200.00 300 973 1.100 10000.000 0.000 -0.890
54 162.00 1200.00 320 972 1.100 10000.000 0.000 -0.890
55 165.00 1200.00 294 952 1.100 10000.000 0.000 -0.890
56 168.00 1200.00 333 990 1.100 10000.000 0.000 -0.890
57 171.00 1200.00 275 957 1.100 10000.000 0.000 -0.890
58 174.00 1200.00 291 925 1.100 10000.000 0.000 -0.890
59 177.00 1200.00 281 966 1.100 10000.000 0.000 -0.890
60 180.00 1200.00 299 998 1.100 10000.000 0.000 -0.890
61 183.00 1200.00 300 950 1.100 10000.000 0.000 -0.890
62 186.00 1200.00 293 945 1.100 10000.000 0.000 -0.890
63 189.00 1200.00 282 1003 1.100 10000.000 0.000 -0.890
64 192.00 1200.00 304 1028 1.100 10000.000 0.000 -0.890
65 195.00 1200.00 285 989 1.100 10000.000 0.000 -0.890
66 198.00 1200.00 295 990 1.100 10000.000 0.000 -0.890
67 201.00 1200.00 267 996 1.100 10000.000 0.000 -0.890
68 204.00 1200.00 316 1015 1.100 10000.000 0.000 -0.890
69 207.00 1200.00 300 910 1.100 10000.000 0.000 -0.890
70 210.00 1200.00 297 1023 1.100 10000.000 0.000 -0.890
71 213.00 1200.00 333 1019 1.100 10000.000 0.000 -0.890
72 216.00 1200.00 333 1020 1.100 10000.000 0.000 -0.890
73 219.00 1200.00 318 1004 1.100 10000.000 0.000 -0.890
74 222.00 1200.00 279 997 1.100 10000.000 0.000 -0.890
75 225.00 1200.00 320 966 1.100 10000.000 0.000 -0.890
76 228.00 1200.00 281 1033 1.100 10000.000 0.000 -0.890
77 231.00 1200.00 348 965 1.100 10000.000 0.000 -0.890
78 234.00 1200.00 336 1048 1.100 10000.000 0.000 -0.890
79 237.00 1200.00 323 1058 1.100 10000.000 0.000 -0.890
80 240.00 1200.00 346 1048 1.100 10000.000 0.000 -0.890
81 243.00 1200.00 291 1003 1.100 10000.000 0.000 -0.890
82 246.00 1200.00 348 954 1.100 10000.000 0.000 -0.890
83 249.00 1200.00 291 977 1.100 10000.000 0.000 -0.890
84 252.00 1200.00 319 962 1.100 10000.000 0.000 -0.890
85 255.00 1200.00 303 938 1.100 10000.000 0.000 -0.890
86 258.00 1200.00 310 1040 1.100 10000.000 0.000 -0.890
87 261.00 1200.00 304 1035 1.100 10000.000 0.000 -0.890
88 264.00 1200.00 302 1006 1.100 10000.000 0.000 -0.890
89 267.00 1200.00 280 972 1.100 10000.000 0.000 -0.890
90 270.00 1200.00 302 972 1.100 10000.000 0.000 -0.890
91 273.00 1200.00 275 970 1.100 10000.000 0.000 -0.890
92 276.00 1200.00 287 988 1.100 10000.000 0.000 -0.890
93 279.00 1200.00 279 946 1.100 10000.000 0.000 -0.890
94 282.00 1200.00 316 1011 1.100 10000.000 0.000 -0.890
95 285.00 1200.00 305 957 1.100 10000.000 0.000 -0.890
96 288.00 1200.00 279 996 1.100 10000.000 0.000 -0.890
97 291.00 1200.00 284 996 1.100 10000.000 0.000 -0.890
98 294.00 1200.00 313 955 1.100 10000.000 0.000 -0.890
99 297.00 1200.00 283 938 1.100 10000.000 0.000 -0.890
100 300.00 1200.00 303 991 1.100 10000.000 0.000 -0.890
101 303.00 1200.00 221 777 1.100 10000.000 0.000 -0.890
