# BinNR microsec tot-time (s)  O-Beam H-beam AUX Ampl(V) f(Hz) phase(deg) chi(pos)
0 0.00 1200.00 641 2455 1378 1.715 2000.000 0.000 0.648
1 50.00 1200.00 609 2403 1551 1.715 2000.000 0.000 0.648
2 100.00 1200.00 569 2538 1501 1.715 2000.000 0.000 0.648
3 150.00 1200.00 528 2649 1464 1.715 2000.000 0.000 0.648
4 200.00 1200.00 562 2600 1408 1.715 2000.000 0.000 0.648
5 250.00 1200.00 659 2394 1472 1.715 2000.000 0.000 0.648
6 300.00 1200.00 635 2311 1504 1.715 2000.000 0.000 0.648
7 350.00 1200.00 568 2457 1509 1.715 2000.000 0.000 0.648
8 400.00 1200.00 548 2581 1372 1.715 2000.000 0.000 0.648
9 450.00 1200.00 586 2411 1398 1.715 2000.000 0.000 0.648
10 500.00 1200.00 605 2390 1440 1.715 2000.000 0.000 0.648
11 550.00 1200.00 613 2302 1520 1.715 2000.000 0.000 0.648
12 600.00 1200.00 589 2641 1551 1.715 2000.000 0.000 0.648
13 650.00 1200.00 516 2729 1444 1.715 2000.000 0.000 0.648
14 700.00 1200.00 535 2648 1418 1.715 2000.000 0.000 0.648
15 750.00 1200.00 639 2390 1513 1.715 2000.000 0.000 0.648
16 800.00 1200.00 648 2369 1544 1.715 2000.000 0.000 0.648
17 850.00 1200.00 615 2550 1421 1.715 2000.000 0.000 0.648
18 900.00 1200.00 586 2629 1388 1.715 2000.000 0.000 0.648
19 950.00 1200.00 598 2488 1355 1.715 2000.000 0.000 0.648
