# BinNR microsec tot-time (s)  O-Beam H-beam AUX Ampl(V) f(Hz) phase(deg) chi(pos)
0 0.00 1200.00 67 1219 196 0.000 0.174 3000.000 -1.373
1 25.00 1200.00 112 1140 206 0.000 0.174 3000.000 -1.373
2 50.00 1200.00 83 1125 233 0.000 0.174 3000.000 -1.373
3 75.00 1200.00 100 1113 218 0.000 0.174 3000.000 -1.373
4 100.00 1200.00 81 1147 223 0.000 0.174 3000.000 -1.373
5 125.00 1200.00 96 1085 224 0.000 0.174 3000.000 -1.373
6 150.00 1200.00 109 1086 193 0.000 0.174 3000.000 -1.373
7 175.00 1200.00 110 1146 175 0.000 0.174 3000.000 -1.373
8 200.00 1200.00 107 1158 204 0.000 0.174 3000.000 -1.373
9 225.00 1200.00 110 1220 162 0.000 0.174 3000.000 -1.373
10 250.00 1200.00 122 1142 147 0.000 0.174 3000.000 -1.373
11 275.00 1200.00 96 1185 174 0.000 0.174 3000.000 -1.373
12 300.00 1200.00 121 1213 164 0.000 0.174 3000.000 -1.373
13 325.00 1200.00 106 1206 178 0.000 0.174 3000.000 -1.373
14 350.00 1200.00 81 1129 202 0.000 0.174 3000.000 -1.373
15 375.00 1200.00 86 1113 209 0.000 0.174 3000.000 -1.373
16 400.00 1200.00 87 1064 228 0.000 0.174 3000.000 -1.373
17 425.00 1200.00 86 1055 233 0.000 0.174 3000.000 -1.373
18 450.00 1200.00 96 1021 199 0.000 0.174 3000.000 -1.373
19 475.00 1200.00 99 1092 204 0.000 0.174 3000.000 -1.373
20 500.00 1200.00 93 1096 193 0.000 0.174 3000.000 -1.373
21 525.00 1200.00 133 1174 194 0.000 0.174 3000.000 -1.373
22 550.00 1200.00 102 1195 157 0.000 0.174 3000.000 -1.373
23 575.00 1200.00 98 1176 166 0.000 0.174 3000.000 -1.373
24 600.00 1200.00 96 1250 161 0.000 0.174 3000.000 -1.373
25 625.00 1200.00 104 1268 136 0.000 0.174 3000.000 -1.373
26 650.00 1200.00 97 1128 204 0.000 0.174 3000.000 -1.373
27 675.00 1200.00 91 1213 196 0.000 0.174 3000.000 -1.373
28 700.00 1200.00 77 1146 187 0.000 0.174 3000.000 -1.373
29 725.00 1200.00 89 1166 248 0.000 0.174 3000.000 -1.373
30 750.00 1200.00 80 1104 231 0.000 0.174 3000.000 -1.373
31 775.00 1200.00 98 1120 215 0.000 0.174 3000.000 -1.373
32 800.00 1200.00 99 1100 215 0.000 0.174 3000.000 -1.373
33 825.00 1200.00 130 1166 198 0.000 0.174 3000.000 -1.373
34 850.00 1200.00 114 1101 176 0.000 0.174 3000.000 -1.373
35 875.00 1200.00 130 1140 177 0.000 0.174 3000.000 -1.373
36 900.00 1200.00 107 1151 171 0.000 0.174 3000.000 -1.373
37 925.00 1200.00 130 1226 175 0.000 0.174 3000.000 -1.373
38 950.00 1200.00 98 1147 170 0.000 0.174 3000.000 -1.373
39 975.00 1200.00 88 1133 155 0.000 0.174 3000.000 -1.373
