# BinNR microsec tot-time (s)  O-Beam H-beam AUX Ampl(V) f(Hz) phase(deg) chi(pos)
0 0.00 1200.00 137 1029 278 0.000 0.174 3000.000 -1.219
1 25.00 1200.00 128 1041 269 0.000 0.174 3000.000 -1.219
2 50.00 1200.00 122 946 299 0.000 0.174 3000.000 -1.219
3 75.00 1200.00 133 963 325 0.000 0.174 3000.000 -1.219
4 100.00 1200.00 132 969 296 0.000 0.174 3000.000 -1.219
5 125.00 1200.00 145 931 329 0.000 0.174 3000.000 -1.219
6 150.00 1200.00 163 1047 289 0.000 0.174 3000.000 -1.219
7 175.00 1200.00 171 954 279 0.000 0.174 3000.000 -1.219
8 200.00 1200.00 173 978 272 0.000 0.174 3000.000 -1.219
9 225.00 1200.00 160 1002 239 0.000 0.174 3000.000 -1.219
10 250.00 1200.00 167 1071 246 0.000 0.174 3000.000 -1.219
11 275.00 1200.00 183 1052 252 0.000 0.174 3000.000 -1.219
12 300.00 1200.00 147 1011 246 0.000 0.174 3000.000 -1.219
13 325.00 1200.00 143 1082 235 0.000 0.174 3000.000 -1.219
14 350.00 1200.00 135 1014 303 0.000 0.174 3000.000 -1.219
15 375.00 1200.00 136 996 328 0.000 0.174 3000.000 -1.219
16 400.00 1200.00 141 1028 323 0.000 0.174 3000.000 -1.219
17 425.00 1200.00 125 934 315 0.000 0.174 3000.000 -1.219
18 450.00 1200.00 131 983 324 0.000 0.174 3000.000 -1.219
19 475.00 1200.00 165 1009 297 0.000 0.174 3000.000 -1.219
20 500.00 1200.00 143 972 268 0.000 0.174 3000.000 -1.219
21 525.00 1200.00 160 1002 262 0.000 0.174 3000.000 -1.219
22 550.00 1200.00 155 1039 244 0.000 0.174 3000.000 -1.219
23 575.00 1200.00 171 1106 252 0.000 0.174 3000.000 -1.219
24 600.00 1200.00 141 1061 247 0.000 0.174 3000.000 -1.219
25 625.00 1200.00 154 1051 268 0.000 0.174 3000.000 -1.219
26 650.00 1200.00 137 1075 281 0.000 0.174 3000.000 -1.219
27 675.00 1200.00 149 993 246 0.000 0.174 3000.000 -1.219
28 700.00 1200.00 118 934 290 0.000 0.174 3000.000 -1.219
29 725.00 1200.00 114 1003 310 0.000 0.174 3000.000 -1.219
30 750.00 1200.00 155 951 302 0.000 0.174 3000.000 -1.219
31 775.00 1200.00 135 982 307 0.000 0.174 3000.000 -1.219
32 800.00 1200.00 156 990 302 0.000 0.174 3000.000 -1.219
33 825.00 1200.00 158 1079 312 0.000 0.174 3000.000 -1.219
34 850.00 1200.00 159 988 275 0.000 0.174 3000.000 -1.219
35 875.00 1200.00 176 1080 224 0.000 0.174 3000.000 -1.219
36 900.00 1200.00 154 1082 261 0.000 0.174 3000.000 -1.219
37 925.00 1200.00 180 1066 282 0.000 0.174 3000.000 -1.219
38 950.00 1200.00 130 1072 251 0.000 0.174 3000.000 -1.219
39 975.00 1200.00 144 1084 252 0.000 0.174 3000.000 -1.219
