# BinNR microsec tot-time (s)  O-Beam H-beam AUX Ampl(V) f(Hz) phase(deg) chi(pos)
0 0.00 1200.00 114 1086 188 0.000 0.174 3000.000 0.077
1 25.00 1200.00 121 1153 180 0.000 0.174 3000.000 0.077
2 50.00 1200.00 112 1209 164 0.000 0.174 3000.000 0.077
3 75.00 1200.00 107 1089 145 0.000 0.174 3000.000 0.077
4 100.00 1200.00 104 1197 134 0.000 0.174 3000.000 0.077
5 125.00 1200.00 122 1175 193 0.000 0.174 3000.000 0.077
6 150.00 1200.00 95 1132 183 0.000 0.174 3000.000 0.077
7 175.00 1200.00 90 1188 191 0.000 0.174 3000.000 0.077
8 200.00 1200.00 89 1171 208 0.000 0.174 3000.000 0.077
9 225.00 1200.00 87 1050 238 0.000 0.174 3000.000 0.077
10 250.00 1200.00 77 1121 243 0.000 0.174 3000.000 0.077
11 275.00 1200.00 108 1100 229 0.000 0.174 3000.000 0.077
12 300.00 1200.00 116 1050 218 0.000 0.174 3000.000 0.077
13 325.00 1200.00 122 1148 211 0.000 0.174 3000.000 0.077
14 350.00 1200.00 131 1137 164 0.000 0.174 3000.000 0.077
15 375.00 1200.00 137 1117 153 0.000 0.174 3000.000 0.077
16 400.00 1200.00 135 1160 181 0.000 0.174 3000.000 0.077
17 425.00 1200.00 126 1110 160 0.000 0.174 3000.000 0.077
18 450.00 1200.00 104 1149 153 0.000 0.174 3000.000 0.077
19 475.00 1200.00 113 1230 150 0.000 0.174 3000.000 0.077
20 500.00 1200.00 76 1158 167 0.000 0.174 3000.000 0.077
21 525.00 1200.00 79 1195 196 0.000 0.174 3000.000 0.077
22 550.00 1200.00 90 1079 214 0.000 0.174 3000.000 0.077
23 575.00 1200.00 83 1136 212 0.000 0.174 3000.000 0.077
24 600.00 1200.00 75 1100 245 0.000 0.174 3000.000 0.077
25 625.00 1200.00 117 1076 217 0.000 0.174 3000.000 0.077
26 650.00 1200.00 104 1175 169 0.000 0.174 3000.000 0.077
27 675.00 1200.00 93 1100 186 0.000 0.174 3000.000 0.077
28 700.00 1200.00 126 1221 160 0.000 0.174 3000.000 0.077
29 725.00 1200.00 109 1168 166 0.000 0.174 3000.000 0.077
30 750.00 1200.00 122 1189 162 0.000 0.174 3000.000 0.077
31 775.00 1200.00 94 1201 158 0.000 0.174 3000.000 0.077
32 800.00 1200.00 93 1183 167 0.000 0.174 3000.000 0.077
33 825.00 1200.00 106 1201 181 0.000 0.174 3000.000 0.077
34 850.00 1200.00 105 1181 176 0.000 0.174 3000.000 0.077
35 875.00 1200.00 105 1125 220 0.000 0.174 3000.000 0.077
36 900.00 1200.00 97 1095 207 0.000 0.174 3000.000 0.077
37 925.00 1200.00 101 1153 220 0.000 0.174 3000.000 0.077
38 950.00 1200.00 114 1111 222 0.000 0.174 3000.000 0.077
39 975.00 1200.00 118 1146 192 0.000 0.174 3000.000 0.077
