# BinNR microsec tot-time (s)  O-Beam AUX Ampl_1(V) f_1(Hz) phase_1(deg) Ampl_2(V) f_2(Hz) phase_2(deg) chi(pos)
0 0.00 1200.01 79 145 1.500 10000.000 0.000 1.000 15000.000 0.000 0.692
1 3.00 1200.01 156 327 1.500 10000.000 0.000 1.000 15000.000 0.000 0.692
2 6.00 1200.01 157 323 1.500 10000.000 0.000 1.000 15000.000 0.000 0.692
3 9.00 1200.01 170 293 1.500 10000.000 0.000 1.000 15000.000 0.000 0.692
4 12.00 1200.01 201 314 1.500 10000.000 0.000 1.000 15000.000 0.000 0.692
5 15.00 1200.01 222 289 1.500 10000.000 0.000 1.000 15000.000 0.000 0.692
6 18.00 1200.01 231 258 1.500 10000.000 0.000 1.000 15000.000 0.000 0.692
7 21.00 1200.01 213 308 1.500 10000.000 0.000 1.000 15000.000 0.000 0.692
8 24.00 1200.01 221 308 1.500 10000.000 0.000 1.000 15000.000 0.000 0.692
9 27.00 1200.01 222 313 1.500 10000.000 0.000 1.000 15000.000 0.000 0.692
10 30.00 1200.01 195 331 1.500 10000.000 0.000 1.000 15000.000 0.000 0.692
11 33.00 1200.01 162 374 1.500 10000.000 0.000 1.000 15000.000 0.000 0.692
12 36.00 1200.01 149 386 1.500 10000.000 0.000 1.000 15000.000 0.000 0.692
13 39.00 1200.01 136 357 1.500 10000.000 0.000 1.000 15000.000 0.000 0.692
14 42.00 1200.01 147 402 1.500 10000.000 0.000 1.000 15000.000 0.000 0.692
15 45.00 1200.01 130 353 1.500 10000.000 0.000 1.000 15000.000 0.000 0.692
16 48.00 1200.01 129 387 1.500 10000.000 0.000 1.000 15000.000 0.000 0.692
17 51.00 1200.01 109 335 1.500 10000.000 0.000 1.000 15000.000 0.000 0.692
18 54.00 1200.01 120 328 1.500 10000.000 0.000 1.000 15000.000 0.000 0.692
19 57.00 1200.01 107 258 1.500 10000.000 0.000 1.000 15000.000 0.000 0.692
20 60.00 1200.01 132 244 1.500 10000.000 0.000 1.000 15000.000 0.000 0.692
21 63.00 1200.01 103 223 1.500 10000.000 0.000 1.000 15000.000 0.000 0.692
22 66.00 1200.01 156 216 1.500 10000.000 0.000 1.000 15000.000 0.000 0.692
23 69.00 1200.01 140 178 1.500 10000.000 0.000 1.000 15000.000 0.000 0.692
24 72.00 1200.01 135 206 1.500 10000.000 0.000 1.000 15000.000 0.000 0.692
25 75.00 1200.01 133 195 1.500 10000.000 0.000 1.000 15000.000 0.000 0.692
26 78.00 1200.01 142 209 1.500 10000.000 0.000 1.000 15000.000 0.000 0.692
27 81.00 1200.01 137 198 1.500 10000.000 0.000 1.000 15000.000 0.000 0.692
28 84.00 1200.01 129 185 1.500 10000.000 0.000 1.000 15000.000 0.000 0.692
29 87.00 1200.01 142 188 1.500 10000.000 0.000 1.000 15000.000 0.000 0.692
30 90.00 1200.01 116 196 1.500 10000.000 0.000 1.000 15000.000 0.000 0.692
31 93.00 1200.01 149 199 1.500 10000.000 0.000 1.000 15000.000 0.000 0.692
32 96.00 1200.01 146 242 1.500 10000.000 0.000 1.000 15000.000 0.000 0.692
33 99.00 1200.01 140 289 1.500 10000.000 0.000 1.000 15000.000 0.000 0.692
34 102.00 1200.01 137 406 1.500 10000.000 0.000 1.000 15000.000 0.000 0.692
35 105.00 1200.01 142 490 1.500 10000.000 0.000 1.000 15000.000 0.000 0.692
36 108.00 1200.01 128 574 1.500 10000.000 0.000 1.000 15000.000 0.000 0.692
37 111.00 1200.01 112 643 1.500 10000.000 0.000 1.000 15000.000 0.000 0.692
38 114.00 1200.01 124 673 1.500 10000.000 0.000 1.000 15000.000 0.000 0.692
39 117.00 1200.01 128 668 1.500 10000.000 0.000 1.000 15000.000 0.000 0.692
40 120.00 1200.01 156 671 1.500 10000.000 0.000 1.000 15000.000 0.000 0.692
41 123.00 1200.01 156 647 1.500 10000.000 0.000 1.000 15000.000 0.000 0.692
42 126.00 1200.01 133 596 1.500 10000.000 0.000 1.000 15000.000 0.000 0.692
43 129.00 1200.01 107 492 1.500 10000.000 0.000 1.000 15000.000 0.000 0.692
44 132.00 1200.01 150 470 1.500 10000.000 0.000 1.000 15000.000 0.000 0.692
45 135.00 1200.01 149 343 1.500 10000.000 0.000 1.000 15000.000 0.000 0.692
46 138.00 1200.01 160 291 1.500 10000.000 0.000 1.000 15000.000 0.000 0.692
47 141.00 1200.01 135 231 1.500 10000.000 0.000 1.000 15000.000 0.000 0.692
48 144.00 1200.01 121 188 1.500 10000.000 0.000 1.000 15000.000 0.000 0.692
49 147.00 1200.01 134 186 1.500 10000.000 0.000 1.000 15000.000 0.000 0.692
50 150.00 1200.01 132 209 1.500 10000.000 0.000 1.000 15000.000 0.000 0.692
51 153.00 1200.01 133 203 1.500 10000.000 0.000 1.000 15000.000 0.000 0.692
52 156.00 1200.01 135 197 1.500 10000.000 0.000 1.000 15000.000 0.000 0.692
53 159.00 1200.01 101 238 1.500 10000.000 0.000 1.000 15000.000 0.000 0.692
54 162.00 1200.01 130 193 1.500 10000.000 0.000 1.000 15000.000 0.000 0.692
55 165.00 1200.01 94 211 1.500 10000.000 0.000 1.000 15000.000 0.000 0.692
56 168.00 1200.01 103 178 1.500 10000.000 0.000 1.000 15000.000 0.000 0.692
57 171.00 1200.01 114 192 1.500 10000.000 0.000 1.000 15000.000 0.000 0.692
58 174.00 1200.01 126 208 1.500 10000.000 0.000 1.000 15000.000 0.000 0.692
59 177.00 1200.01 144 267 1.500 10000.000 0.000 1.000 15000.000 0.000 0.692
60 180.00 1200.01 128 264 1.500 10000.000 0.000 1.000 15000.000 0.000 0.692
61 183.00 1200.01 152 313 1.500 10000.000 0.000 1.000 15000.000 0.000 0.692
62 186.00 1200.01 127 356 1.500 10000.000 0.000 1.000 15000.000 0.000 0.692
63 189.00 1200.01 129 361 1.500 10000.000 0.000 1.000 15000.000 0.000 0.692
64 192.00 1200.01 139 409 1.500 10000.000 0.000 1.000 15000.000 0.000 0.692
65 195.00 1200.01 131 394 1.500 10000.000 0.000 1.000 15000.000 0.000 0.692
66 198.00 1200.01 161 410 1.500 10000.000 0.000 1.000 15000.000 0.000 0.692
67 201.00 1200.01 132 355 1.500 10000.000 0.000 1.000 15000.000 0.000 0.692
68 204.00 1200.01 164 351 1.500 10000.000 0.000 1.000 15000.000 0.000 0.692
69 207.00 1200.01 186 309 1.500 10000.000 0.000 1.000 15000.000 0.000 0.692
70 210.00 1200.01 183 315 1.500 10000.000 0.000 1.000 15000.000 0.000 0.692
71 213.00 1200.01 207 302 1.500 10000.000 0.000 1.000 15000.000 0.000 0.692
72 216.00 1200.01 188 304 1.500 10000.000 0.000 1.000 15000.000 0.000 0.692
73 219.00 1200.01 226 289 1.500 10000.000 0.000 1.000 15000.000 0.000 0.692
74 222.00 1200.01 218 306 1.500 10000.000 0.000 1.000 15000.000 0.000 0.692
75 225.00 1200.01 212 316 1.500 10000.000 0.000 1.000 15000.000 0.000 0.692
76 228.00 1200.01 167 297 1.500 10000.000 0.000 1.000 15000.000 0.000 0.692
77 231.00 1200.01 179 363 1.500 10000.000 0.000 1.000 15000.000 0.000 0.692
78 234.00 1200.01 150 363 1.500 10000.000 0.000 1.000 15000.000 0.000 0.692
79 237.00 1200.01 152 377 1.500 10000.000 0.000 1.000 15000.000 0.000 0.692
80 240.00 1200.01 139 438 1.500 10000.000 0.000 1.000 15000.000 0.000 0.692
81 243.00 1200.01 127 401 1.500 10000.000 0.000 1.000 15000.000 0.000 0.692
82 246.00 1200.01 104 398 1.500 10000.000 0.000 1.000 15000.000 0.000 0.692
83 249.00 1200.01 140 356 1.500 10000.000 0.000 1.000 15000.000 0.000 0.692
84 252.00 1200.01 129 380 1.500 10000.000 0.000 1.000 15000.000 0.000 0.692
85 255.00 1200.01 121 281 1.500 10000.000 0.000 1.000 15000.000 0.000 0.692
86 258.00 1200.01 137 244 1.500 10000.000 0.000 1.000 15000.000 0.000 0.692
87 261.00 1200.01 124 231 1.500 10000.000 0.000 1.000 15000.000 0.000 0.692
88 264.00 1200.01 129 218 1.500 10000.000 0.000 1.000 15000.000 0.000 0.692
89 267.00 1200.01 109 196 1.500 10000.000 0.000 1.000 15000.000 0.000 0.692
90 270.00 1200.01 135 201 1.500 10000.000 0.000 1.000 15000.000 0.000 0.692
91 273.00 1200.01 116 180 1.500 10000.000 0.000 1.000 15000.000 0.000 0.692
92 276.00 1200.01 126 194 1.500 10000.000 0.000 1.000 15000.000 0.000 0.692
93 279.00 1200.01 145 202 1.500 10000.000 0.000 1.000 15000.000 0.000 0.692
94 282.00 1200.01 133 195 1.500 10000.000 0.000 1.000 15000.000 0.000 0.692
95 285.00 1200.01 137 169 1.500 10000.000 0.000 1.000 15000.000 0.000 0.692
96 288.00 1200.01 146 193 1.500 10000.000 0.000 1.000 15000.000 0.000 0.692
97 291.00 1200.01 135 181 1.500 10000.000 0.000 1.000 15000.000 0.000 0.692
98 294.00 1200.01 159 203 1.500 10000.000 0.000 1.000 15000.000 0.000 0.692
99 297.00 1200.01 138 241 1.500 10000.000 0.000 1.000 15000.000 0.000 0.692
100 300.00 1200.01 151 310 1.500 10000.000 0.000 1.000 15000.000 0.000 0.692
101 303.00 1200.01 149 410 1.500 10000.000 0.000 1.000 15000.000 0.000 0.692
102 306.00 1200.01 118 550 1.500 10000.000 0.000 1.000 15000.000 0.000 0.692
103 309.00 1200.01 121 614 1.500 10000.000 0.000 1.000 15000.000 0.000 0.692
104 312.00 1200.01 144 636 1.500 10000.000 0.000 1.000 15000.000 0.000 0.692
105 315.00 1200.01 134 664 1.500 10000.000 0.000 1.000 15000.000 0.000 0.692
106 318.00 1200.01 130 630 1.500 10000.000 0.000 1.000 15000.000 0.000 0.692
107 321.00 1200.01 122 672 1.500 10000.000 0.000 1.000 15000.000 0.000 0.692
108 324.00 1200.01 119 693 1.500 10000.000 0.000 1.000 15000.000 0.000 0.692
109 327.00 1200.01 151 565 1.500 10000.000 0.000 1.000 15000.000 0.000 0.692
110 330.00 1200.01 148 471 1.500 10000.000 0.000 1.000 15000.000 0.000 0.692
111 333.00 1200.01 138 370 1.500 10000.000 0.000 1.000 15000.000 0.000 0.692
112 336.00 1200.01 161 301 1.500 10000.000 0.000 1.000 15000.000 0.000 0.692
113 339.00 1200.01 161 265 1.500 10000.000 0.000 1.000 15000.000 0.000 0.692
114 342.00 1200.01 132 232 1.500 10000.000 0.000 1.000 15000.000 0.000 0.692
115 345.00 1200.01 136 186 1.500 10000.000 0.000 1.000 15000.000 0.000 0.692
116 348.00 1200.01 124 180 1.500 10000.000 0.000 1.000 15000.000 0.000 0.692
117 351.00 1200.01 139 189 1.500 10000.000 0.000 1.000 15000.000 0.000 0.692
118 354.00 1200.01 123 208 1.500 10000.000 0.000 1.000 15000.000 0.000 0.692
119 357.00 1200.01 122 194 1.500 10000.000 0.000 1.000 15000.000 0.000 0.692
120 360.00 1200.01 107 192 1.500 10000.000 0.000 1.000 15000.000 0.000 0.692
121 363.00 1200.01 116 187 1.500 10000.000 0.000 1.000 15000.000 0.000 0.692
122 366.00 1200.01 127 181 1.500 10000.000 0.000 1.000 15000.000 0.000 0.692
123 369.00 1200.01 131 194 1.500 10000.000 0.000 1.000 15000.000 0.000 0.692
124 372.00 1200.01 131 198 1.500 10000.000 0.000 1.000 15000.000 0.000 0.692
125 375.00 1200.01 112 202 1.500 10000.000 0.000 1.000 15000.000 0.000 0.692
126 378.00 1200.01 130 262 1.500 10000.000 0.000 1.000 15000.000 0.000 0.692
127 381.00 1200.01 119 306 1.500 10000.000 0.000 1.000 15000.000 0.000 0.692
128 384.00 1200.01 127 328 1.500 10000.000 0.000 1.000 15000.000 0.000 0.692
129 387.00 1200.01 123 358 1.500 10000.000 0.000 1.000 15000.000 0.000 0.692
130 390.00 1200.01 117 367 1.500 10000.000 0.000 1.000 15000.000 0.000 0.692
131 393.00 1200.01 128 368 1.500 10000.000 0.000 1.000 15000.000 0.000 0.692
132 396.00 1200.01 121 384 1.500 10000.000 0.000 1.000 15000.000 0.000 0.692
133 399.00 1200.01 160 368 1.500 10000.000 0.000 1.000 15000.000 0.000 0.692
