# BinNR microsec tot-time (s)  O-Beam H-beam AUX Ampl(V) f(Hz) phase(deg) chi(pos)
0 0.00 900.00 481 333 4 0.000 5.373 2000.000 0.648
1 25.00 900.00 492 356 0 0.000 5.373 2000.000 0.648
2 50.00 900.00 468 472 2 0.000 5.373 2000.000 0.648
3 75.00 900.00 468 602 4 0.000 5.373 2000.000 0.648
4 100.00 900.00 489 746 0 0.000 5.373 2000.000 0.648
5 125.00 900.00 478 658 0 0.000 5.373 2000.000 0.648
6 150.00 900.00 410 684 3 0.000 5.373 2000.000 0.648
7 175.00 900.00 262 603 0 0.000 5.373 2000.000 0.648
8 200.00 900.00 152 605 0 0.000 5.373 2000.000 0.648
9 225.00 900.00 141 622 1 0.000 5.373 2000.000 0.648
10 250.00 900.00 145 671 2 0.000 5.373 2000.000 0.648
11 275.00 900.00 207 729 3 0.000 5.373 2000.000 0.648
12 300.00 900.00 228 609 1 0.000 5.373 2000.000 0.648
13 325.00 900.00 171 457 7 0.000 5.373 2000.000 0.648
14 350.00 900.00 171 335 3 0.000 5.373 2000.000 0.648
15 375.00 900.00 156 328 2 0.000 5.373 2000.000 0.648
16 400.00 900.00 149 327 2 0.000 5.373 2000.000 0.648
17 425.00 900.00 269 302 2 0.000 5.373 2000.000 0.648
18 450.00 900.00 401 374 4 0.000 5.373 2000.000 0.648
19 475.00 900.00 489 339 1 0.000 5.373 2000.000 0.648
20 500.00 900.00 455 283 1 0.000 5.373 2000.000 0.648
21 525.00 900.00 479 350 2 0.000 5.373 2000.000 0.648
22 550.00 900.00 473 533 1 0.000 5.373 2000.000 0.648
23 575.00 900.00 465 657 2 0.000 5.373 2000.000 0.648
24 600.00 900.00 509 699 3 0.000 5.373 2000.000 0.648
25 625.00 900.00 511 701 1 0.000 5.373 2000.000 0.648
26 650.00 900.00 384 628 2 0.000 5.373 2000.000 0.648
27 675.00 900.00 286 599 2 0.000 5.373 2000.000 0.648
28 700.00 900.00 138 587 0 0.000 5.373 2000.000 0.648
29 725.00 900.00 118 705 1 0.000 5.373 2000.000 0.648
30 750.00 900.00 161 602 2 0.000 5.373 2000.000 0.648
31 775.00 900.00 169 669 3 0.000 5.373 2000.000 0.648
32 800.00 900.00 224 636 3 0.000 5.373 2000.000 0.648
33 825.00 900.00 175 459 2 0.000 5.373 2000.000 0.648
34 850.00 900.00 149 330 3 0.000 5.373 2000.000 0.648
35 875.00 900.00 116 304 1 0.000 5.373 2000.000 0.648
36 900.00 900.00 183 348 2 0.000 5.373 2000.000 0.648
37 925.00 900.00 263 332 4 0.000 5.373 2000.000 0.648
38 950.00 900.00 372 316 1 0.000 5.373 2000.000 0.648
39 975.00 900.00 464 337 4 0.000 5.373 2000.000 0.648
