# BinNR microsec tot-time (s)  O-Beam H-beam AUX Ampl(V) f(Hz) phase(deg) chi(pos)
0 0.00 900.00 317 466 2 0.000 3.343 2000.000 0.077
1 25.00 900.00 258 353 4 0.000 3.343 2000.000 0.077
2 50.00 900.00 221 313 3 0.000 3.343 2000.000 0.077
3 75.00 900.00 242 386 1 0.000 3.343 2000.000 0.077
4 100.00 900.00 351 508 3 0.000 3.343 2000.000 0.077
5 125.00 900.00 387 603 1 0.000 3.343 2000.000 0.077
6 150.00 900.00 474 634 1 0.000 3.343 2000.000 0.077
7 175.00 900.00 486 719 2 0.000 3.343 2000.000 0.077
8 200.00 900.00 394 728 3 0.000 3.343 2000.000 0.077
9 225.00 900.00 274 684 2 0.000 3.343 2000.000 0.077
10 250.00 900.00 186 617 1 0.000 3.343 2000.000 0.077
11 275.00 900.00 138 474 2 0.000 3.343 2000.000 0.077
12 300.00 900.00 137 370 2 0.000 3.343 2000.000 0.077
13 325.00 900.00 144 301 3 0.000 3.343 2000.000 0.077
14 350.00 900.00 157 341 0 0.000 3.343 2000.000 0.077
15 375.00 900.00 229 461 1 0.000 3.343 2000.000 0.077
16 400.00 900.00 386 517 2 0.000 3.343 2000.000 0.077
17 425.00 900.00 387 603 2 0.000 3.343 2000.000 0.077
18 450.00 900.00 485 586 1 0.000 3.343 2000.000 0.077
19 475.00 900.00 394 539 1 0.000 3.343 2000.000 0.077
20 500.00 900.00 357 489 3 0.000 3.343 2000.000 0.077
21 525.00 900.00 255 353 2 0.000 3.343 2000.000 0.077
22 550.00 900.00 212 322 1 0.000 3.343 2000.000 0.077
23 575.00 900.00 222 388 0 0.000 3.343 2000.000 0.077
24 600.00 900.00 310 508 2 0.000 3.343 2000.000 0.077
25 625.00 900.00 410 633 1 0.000 3.343 2000.000 0.077
26 650.00 900.00 490 679 5 0.000 3.343 2000.000 0.077
27 675.00 900.00 484 687 1 0.000 3.343 2000.000 0.077
28 700.00 900.00 409 717 4 0.000 3.343 2000.000 0.077
29 725.00 900.00 286 696 2 0.000 3.343 2000.000 0.077
30 750.00 900.00 174 626 4 0.000 3.343 2000.000 0.077
31 775.00 900.00 137 510 1 0.000 3.343 2000.000 0.077
32 800.00 900.00 121 366 2 0.000 3.343 2000.000 0.077
33 825.00 900.00 110 324 1 0.000 3.343 2000.000 0.077
34 850.00 900.00 160 394 3 0.000 3.343 2000.000 0.077
35 875.00 900.00 245 442 4 0.000 3.343 2000.000 0.077
36 900.00 900.00 357 512 3 0.000 3.343 2000.000 0.077
37 925.00 900.00 485 584 1 0.000 3.343 2000.000 0.077
38 950.00 900.00 488 570 1 0.000 3.343 2000.000 0.077
39 975.00 900.00 411 578 1 0.000 3.343 2000.000 0.077
