# BinNR microsec tot-time (s)  O-Beam H-beam AUX Ampl(V) f(Hz) phase(deg) chi(pos)
0 0.00 1200.00 468 1498 907 1.715 2000.000 0.000 1.208
1 50.00 1200.00 428 1751 1108 1.715 2000.000 0.000 1.208
2 100.00 1200.00 313 2059 1277 1.715 2000.000 0.000 1.208
3 150.00 1200.00 329 2289 1342 1.715 2000.000 0.000 1.208
4 200.00 1200.00 308 2085 1346 1.715 2000.000 0.000 1.208
5 250.00 1200.00 380 1766 1363 1.715 2000.000 0.000 1.208
6 300.00 1200.00 482 1461 1168 1.715 2000.000 0.000 1.208
7 350.00 1200.00 499 1328 970 1.715 2000.000 0.000 1.208
8 400.00 1200.00 521 1316 744 1.715 2000.000 0.000 1.208
9 450.00 1200.00 528 1263 748 1.715 2000.000 0.000 1.208
10 500.00 1200.00 462 1488 888 1.715 2000.000 0.000 1.208
11 550.00 1200.00 404 1800 1076 1.715 2000.000 0.000 1.208
12 600.00 1200.00 373 2159 1344 1.715 2000.000 0.000 1.208
13 650.00 1200.00 317 2328 1378 1.715 2000.000 0.000 1.208
14 700.00 1200.00 310 2069 1328 1.715 2000.000 0.000 1.208
15 750.00 1200.00 420 1752 1290 1.715 2000.000 0.000 1.208
16 800.00 1200.00 491 1496 1136 1.715 2000.000 0.000 1.208
17 850.00 1200.00 540 1252 1005 1.715 2000.000 0.000 1.208
18 900.00 1200.00 495 1245 828 1.715 2000.000 0.000 1.208
19 950.00 1200.00 508 1334 797 1.715 2000.000 0.000 1.208
