# BinNR ps_pos tot-time (s)  O-Beam H-Beam AUX Amplitude(func. gen.)
-2.098389 20.0 3331 7073 20 5 3794536037 10404 0.000000 0.000000 2.000000
-1.889648 20.0 3386 6944 30 1 3794536064 10330 0.000000 0.000000 2.000000
-1.680908 20.0 3182 6951 31 2 3794536090 10133 0.000000 0.000000 2.000000
-1.472168 20.0 3402 6874 29 6 3794536116 10276 0.000000 0.000000 2.000000
-1.274414 20.0 3550 6648 21 2 3794536143 10198 0.000000 0.000000 2.000000
-1.065674 20.0 3641 6676 30 2 3794536169 10317 0.000000 0.000000 2.000000
-0.845947 20.0 3688 6799 26 4 3794536195 10487 0.000000 0.000000 2.000000
-0.626221 20.0 3623 6590 18 6 3794536221 10213 0.000000 0.000000 2.000000
-0.417480 20.0 3542 6793 30 4 3794536248 10335 0.000000 0.000000 2.000000
-0.208740 20.0 3566 6886 29 3 3794536274 10452 0.000000 0.000000 2.000000
-0.010986 20.0 3495 6792 29 1 3794536300 10287 0.000000 0.000000 2.000000
0.208740 20.0 3432 6928 31 3 3794536326 10360 0.000000 0.000000 2.000000
0.406494 20.0 3262 7031 38 3 3794536352 10293 0.000000 0.000000 2.000000
0.615234 20.0 3315 6990 36 2 3794536379 10305 0.000000 0.000000 2.000000
0.834961 20.0 3496 6856 25 2 3794536405 10352 0.000000 0.000000 2.000000
1.043701 20.0 3507 6657 32 3 3794536431 10164 0.000000 0.000000 2.000000
1.263428 20.0 3683 6583 24 2 3794536458 10266 0.000000 0.000000 2.000000
1.461182 20.0 3660 6694 27 1 3794536484 10354 0.000000 0.000000 2.000000
1.669922 20.0 3624 6742 43 4 3794536510 10366 0.000000 0.000000 2.000000
1.889648 20.0 3560 6776 31 1 3794536537 10336 0.000000 0.000000 2.000000
2.098389 20.0 3417 6787 23 5 3794536563 10204 0.000000 0.000000 2.000000
2.307129 20.0 3346 6948 23 5 3794536589 10294 0.000000 0.000000 2.000000
