# chi w_im1 w_im1_err w_im2 w_im2_err
-4.575552354901788021e+00 7.237063921601074590e-01 3.535685728510716552e-02 -5.275834646070600709e-01 1.268586941215129119e-02 2.762936078398925965e-01 3.535685728510716552e-02 5.275834646070600709e-01 1.268586941215129119e-02
-4.308733312640046442e+00 7.812441231748956660e-01 5.519101371160661101e-02 -6.869336365773820452e-01 1.952558136269377798e-02 2.187558768251043340e-01 5.519101371160661101e-02 6.869336365773820452e-01 1.952558136269377798e-02
-4.041917306173122171e+00 9.150436904708421082e-01 8.382288738255198879e-02 -8.949599725780023052e-01 3.361335521754066358e-02 8.495630952915783629e-02 8.382288738255198879e-02 8.949599725780023052e-01 3.361335521754066358e-02
-3.708392744397241980e+00 1.253848406554773032e+00 1.455940122831580197e-01 -1.245425289155874804e+00 7.413871235998974185e-02 -2.538484065547729207e-01 1.455940122831580197e-01 1.245425289155874804e+00 7.413871235998974185e-02
-3.474927979789979471e+00 1.866988755477152928e+00 2.355447393243998155e-01 -1.544543941327569003e+00 1.598589295012054212e-01 -8.669887554771529281e-01 2.355447393243998155e-01 1.544543941327569003e+00 1.598589295012054212e-01
-3.208111973323055643e+00 2.939395308351720804e+00 1.666319750523747312e-01 -4.445279032581296863e-01 9.933434648163422254e-02 -1.939395308351720804e+00 1.666319750523747312e-01 4.445279032581296863e-01 9.933434648163422254e-02
-2.907941689201653190e+00 2.665319709881573296e+00 2.375263534734382842e-01 1.305196180168401110e+00 2.000100070933955865e-01 -1.665319709881573296e+00 2.375263534734382842e-01 -1.305196180168401110e+00 2.000100070933955865e-01
-2.607771405080251181e+00 1.446506326030915002e+00 1.800132596019360653e-01 1.358901118279618236e+00 1.028764032597816319e-01 -4.465063260309151127e-01 1.800132596019360653e-01 -1.358901118279618236e+00 1.028764032597816319e-01
-2.407657882332649990e+00 1.099536576405890864e+00 8.204693959510873935e-02 9.612161868283740640e-01 4.289417166883216503e-02 -9.953657640589086419e-02 8.204693959510873935e-02 -9.612161868283740640e-01 4.289417166883216503e-02
-2.140838840070909299e+00 8.275459745689808244e-01 6.856531181454972312e-02 7.713710807033189454e-01 2.523709220547652038e-02 1.724540254310192311e-01 6.856531181454972312e-02 -7.713710807033189454e-01 2.523709220547652038e-02
-1.840668555949507290e+00 7.352775995500555606e-01 4.244074191205411684e-02 5.763487186939778573e-01 1.480804923300056523e-02 2.647224004499444394e-01 4.244074191205411684e-02 -5.763487186939778573e-01 1.480804923300056523e-02
-1.540498271828105281e+00 6.232449651843158245e-01 4.519727298848930791e-02 4.579805625652142442e-01 1.033291240019784153e-02 3.767550348156841755e-01 4.519727298848930791e-02 -4.579805625652142442e-01 1.033291240019784153e-02
-1.273679229566364368e+00 6.312414834360887683e-01 2.350151969517150566e-02 3.406779869088540358e-01 7.239606058539180440e-03 3.687585165639112317e-01 2.350151969517150566e-02 -3.406779869088540358e-01 7.239606058539180440e-03
-1.006863223099440541e+00 6.139369895958252110e-01 1.724245348160537497e-02 2.597201709736511877e-01 5.613398548963767151e-03 3.860630104041747890e-01 1.724245348160537497e-02 -2.597201709736511877e-01 5.613398548963767151e-03
-7.733984584921779204e-01 5.505503994493577968e-01 2.490751693092757221e-02 1.907556865077751074e-01 4.444409056813577140e-03 4.494496005506422587e-01 2.490751693092757221e-02 -1.907556865077751074e-01 4.444409056813577140e-03
-4.732281743707758004e-01 4.973712799883498459e-01 3.307044318831195984e-01 1.290706322898853842e-01 3.726371359289677894e-03 5.026287200116501541e-01 3.307044318831195984e-01 -1.290706322898853842e-01 3.726371359289677894e-03
-1.730578902493737359e-01 5.806698168316773989e-01 8.366365776771508833e-03 3.805454287360639232e-02 3.345017408749399821e-03 4.193301831683226011e-01 8.366365776771508833e-03 -3.805454287360639232e-02 3.345017408749399821e-03
9.376115201236709384e-02 5.695158454137310144e-01 9.130665651863240084e-03 -2.188761845296509009e-02 3.207597203694470111e-03 4.304841545862689856e-01 9.130665651863240084e-03 2.188761845296509009e-02 3.207597203694470111e-03
3.605801942741079236e-01 6.156939348406340606e-01 7.009440815205041954e-03 -8.405048107437770866e-02 3.549327546070476288e-03 3.843060651593659394e-01 7.009440815205041954e-03 8.405048107437770866e-02 3.549327546070476288e-03
5.940449588813705439e-01 6.325458986431191644e-01 8.385034260150402499e-03 -1.497159070804431058e-01 4.106004187058133643e-03 3.674541013568807801e-01 8.385034260150402499e-03 1.497159070804431058e-01 4.106004187058133643e-03
8.942152430027725529e-01 6.650905138299308961e-01 1.017557286144166878e-02 -2.248155306591982094e-01 5.017781579974136229e-03 3.349094861700691039e-01 1.017557286144166878e-02 2.248155306591982094e-01 5.017781579974136229e-03
1.161034285264513244e+00 6.452518524112160758e-01 1.871032667704967956e-02 -3.174859876141333248e-01 6.665920909843001813e-03 3.547481475887838687e-01 1.871032667704967956e-02 3.174859876141333248e-01 6.665920909843001813e-03
1.427850291731437071e+00 7.341241227494552657e-01 1.880414546765381972e-02 -4.021362040468640653e-01 8.714356607000817156e-03 2.658758772505447343e-01 1.880414546765381972e-02 4.021362040468640653e-01 8.714356607000817156e-03
1.728020575852839302e+00 7.711847329512979687e-01 2.649426018169679167e-02 -4.971081147081469198e-01 1.191148217975219852e-02 2.288152670487020313e-01 2.649426018169679167e-02 4.971081147081469198e-01 1.191148217975219852e-02
1.961485340460101812e+00 8.294168444255800576e-01 4.504349167403183529e-02 -6.669279587556691258e-01 1.893893383076292181e-02 1.705831555744199424e-01 4.504349167403183529e-02 6.669279587556691258e-01 1.893893383076292181e-02
2.261655624581504043e+00 9.525664442603254400e-01 7.463064766421968754e-02 -8.805346202557218227e-01 3.286489113204629081e-02 4.743355573967450445e-02 7.463064766421968754e-02 8.805346202557218227e-01 3.286489113204629081e-02
2.561825908702906052e+00 1.339792449179348699e+00 9.760162270412012231e-02 -1.083317821856468299e+00 6.077167718621577508e-02 -3.397924491793486990e-01 9.760162270412012231e-02 1.083317821856468299e+00 6.077167718621577508e-02
2.828644950964646743e+00 1.841001939244641950e+00 5.150640818510744401e-01 -2.039421934542363868e+00 2.789815816828512540e-01 -8.410019392446419495e-01 5.150640818510744401e-01 2.039421934542363868e+00 2.789815816828512540e-01
3.095463993226388322e+00 3.437328111462752300e+00 2.803605556786538666e-01 -5.304465948152001786e-01 1.538291971445571171e-01 -2.437328111462752300e+00 2.803605556786538666e-01 5.304465948152001786e-01 1.538291971445571171e-01
3.328928757833650387e+00 2.604878210882966894e+00 2.750207158862811863e-01 1.491374157072397066e+00 2.270851994684414399e-01 -1.604878210882966894e+00 2.750207158862811863e-01 -1.491374157072397066e+00 2.270851994684414399e-01
3.629099041955052840e+00 1.518473763379422969e+00 1.752737679689087558e-01 1.363179401625034481e+00 1.057837528283743916e-01 -5.184737633794229694e-01 1.752737679689087558e-01 -1.363179401625034481e+00 1.057837528283743916e-01
3.929269326076454405e+00 9.964196797950398699e-01 1.046814676676157962e-01 1.006456354158139277e+00 4.449934509446325931e-02 3.580320204960130148e-03 1.046814676676157962e-01 -1.006456354158139277e+00 4.449934509446325931e-02
4.196085332543377788e+00 8.067390199324807609e-01 6.394669789325391207e-02 7.436476179619926352e-01 2.286378849421380477e-02 1.932609800675192391e-01 6.394669789325391207e-02 -7.436476179619926352e-01 2.286378849421380477e-02
4.462904374805118479e+00 7.294766156125701562e-01 4.259617755477860396e-02 5.706747257436670662e-01 1.464340605126606722e-02 2.705233843874298438e-01 4.259617755477860396e-02 -5.706747257436670662e-01 1.464340605126606722e-02
4.729723417066860058e+00 6.579064937773553279e-01 3.432795776121255749e-02 4.527353973317305713e-01 1.005635273806858992e-02 3.420935062226447276e-01 3.432795776121255749e-02 -4.527353973317305713e-01 1.005635273806858992e-02
