# BinNR microsec tot-time (s)  O-Beam H-beam AUX Ampl(V) f(Hz) phase(deg) chi(pos)
0 0.00 1200.00 146 1725 352 0.425 3000.000 0.000 -0.659
1 50.00 1200.00 169 1756 349 0.425 3000.000 0.000 -0.659
2 100.00 1200.00 166 1775 294 0.425 3000.000 0.000 -0.659
3 150.00 1200.00 108 1623 316 0.425 3000.000 0.000 -0.659
4 200.00 1200.00 123 1699 293 0.425 3000.000 0.000 -0.659
5 250.00 1200.00 111 1675 336 0.425 3000.000 0.000 -0.659
6 300.00 1200.00 132 1658 386 0.425 3000.000 0.000 -0.659
7 350.00 1200.00 148 1766 391 0.425 3000.000 0.000 -0.659
8 400.00 1200.00 160 1846 362 0.425 3000.000 0.000 -0.659
9 450.00 1200.00 138 1759 286 0.425 3000.000 0.000 -0.659
10 500.00 1200.00 130 1578 326 0.425 3000.000 0.000 -0.659
11 550.00 1200.00 115 1723 293 0.425 3000.000 0.000 -0.659
12 600.00 1200.00 146 1712 310 0.425 3000.000 0.000 -0.659
13 650.00 1200.00 149 1725 362 0.425 3000.000 0.000 -0.659
14 700.00 1200.00 153 1675 361 0.425 3000.000 0.000 -0.659
15 750.00 1200.00 167 1780 332 0.425 3000.000 0.000 -0.659
16 800.00 1200.00 158 1699 279 0.425 3000.000 0.000 -0.659
17 850.00 1200.00 122 1658 305 0.425 3000.000 0.000 -0.659
18 900.00 1200.00 140 1655 306 0.425 3000.000 0.000 -0.659
19 950.00 1200.00 160 1705 349 0.425 3000.000 0.000 -0.659
