# BinNR microsec tot-time (s)  O-Beam H-beam AUX Ampl(V) f(Hz) phase(deg) chi(pos)
0 0.00 1200.00 269 1110 805 0.425 2000.000 0.000 0.648
1 50.00 1200.00 305 1137 707 0.425 2000.000 0.000 0.648
2 100.00 1200.00 299 1074 734 0.425 2000.000 0.000 0.648
3 150.00 1200.00 278 1163 709 0.425 2000.000 0.000 0.648
4 200.00 1200.00 303 1078 773 0.425 2000.000 0.000 0.648
5 250.00 1200.00 297 1164 741 0.425 2000.000 0.000 0.648
6 300.00 1200.00 272 1153 734 0.425 2000.000 0.000 0.648
7 350.00 1200.00 254 1136 747 0.425 2000.000 0.000 0.648
8 400.00 1200.00 280 1137 743 0.425 2000.000 0.000 0.648
9 450.00 1200.00 292 1145 694 0.425 2000.000 0.000 0.648
10 500.00 1200.00 281 1205 747 0.425 2000.000 0.000 0.648
11 550.00 1200.00 238 1140 765 0.425 2000.000 0.000 0.648
12 600.00 1200.00 276 1160 741 0.425 2000.000 0.000 0.648
13 650.00 1200.00 269 1161 777 0.425 2000.000 0.000 0.648
14 700.00 1200.00 277 1180 757 0.425 2000.000 0.000 0.648
15 750.00 1200.00 297 1166 719 0.425 2000.000 0.000 0.648
16 800.00 1200.00 269 1120 722 0.425 2000.000 0.000 0.648
17 850.00 1200.00 290 1128 740 0.425 2000.000 0.000 0.648
18 900.00 1200.00 275 1138 767 0.425 2000.000 0.000 0.648
19 950.00 1200.00 275 1186 776 0.425 2000.000 0.000 0.648
