# BinNR ps_pos tot-time (s)  O-Beam H-Beam AUX Amplitude(func. gen.)
0.930740 5.0 3 187 1 12 3794626687 190 0.000000 0.000000 1.750000
0.930810 5.0 7 198 2 12 3794626698 205 0.000000 0.000000 1.750000
0.930860 5.0 13 236 0 16 3794626709 249 0.000000 0.000000 1.750000
0.930900 5.0 14 264 0 25 3794626719 278 0.000000 0.000000 1.750000
0.930950 5.0 25 317 0 28 3794626730 342 0.000000 0.000000 1.750000
0.931020 5.0 29 370 1 41 3794626741 399 0.000000 0.000000 1.750000
0.931050 5.0 47 463 0 63 3794626752 510 0.000000 0.000000 1.750000
0.931100 5.0 83 581 1 105 3794626763 664 0.000000 0.000000 1.750000
0.931150 5.0 129 720 1 151 3794626774 849 0.000000 0.000000 1.750000
0.931200 5.0 162 889 0 249 3794626784 1051 0.000000 0.000000 1.750000
0.931250 5.0 176 1119 1 290 3794626795 1295 0.000000 0.000000 1.750000
0.931300 5.0 216 1452 0 359 3794626806 1668 0.000000 0.000000 1.750000
0.931360 5.0 198 1706 2 435 3794626817 1904 0.000000 0.000000 1.750000
0.931420 5.0 260 1786 2 500 3794626827 2046 0.000000 0.000000 1.750000
0.931460 5.0 256 1842 1 461 3794626838 2098 0.000000 0.000000 1.750000
0.931510 5.0 237 1729 3 467 3794626849 1966 0.000000 0.000000 1.750000
0.931560 5.0 252 1489 2 422 3794626860 1741 0.000000 0.000000 1.750000
0.931590 5.0 194 1331 2 308 3794626871 1525 0.000000 0.000000 1.750000
0.931660 5.0 127 1036 0 236 3794626882 1163 0.000000 0.000000 1.750000
0.931700 5.0 111 848 0 179 3794626893 959 0.000000 0.000000 1.750000
0.931760 5.0 71 709 0 114 3794626904 780 0.000000 0.000000 1.750000
0.931810 5.0 72 607 0 102 3794626915 679 0.000000 0.000000 1.750000
0.931850 5.0 49 622 0 67 3794626926 671 0.000000 0.000000 1.750000
0.931900 5.0 34 479 2 51 3794626937 513 0.000000 0.000000 1.750000
0.931960 5.0 15 397 1 29 3794626948 412 0.000000 0.000000 1.750000
0.932000 5.0 9 376 3 18 3794626958 385 0.000000 0.000000 1.750000
0.932060 5.0 8 330 0 16 3794626969 338 0.000000 0.000000 1.750000
0.932100 5.0 14 333 1 16 3794626980 347 0.000000 0.000000 1.750000
0.932150 5.0 13 372 1 18 3794626991 385 0.000000 0.000000 1.750000
0.932200 5.0 27 417 1 27 3794627002 444 0.000000 0.000000 1.750000
0.932250 5.0 19 461 0 40 3794627012 480 0.000000 0.000000 1.750000
0.932300 5.0 17 378 0 20 3794627023 395 0.000000 0.000000 1.750000
0.932360 5.0 18 375 2 29 3794627034 393 0.000000 0.000000 1.750000
0.932410 5.0 33 425 1 47 3794627045 458 0.000000 0.000000 1.750000
0.932460 5.0 28 457 2 55 3794627055 485 0.000000 0.000000 1.750000
0.932500 5.0 52 479 0 77 3794627066 531 0.000000 0.000000 1.750000
0.932560 5.0 62 576 0 123 3794627077 638 0.000000 0.000000 1.750000
0.932610 5.0 97 691 2 141 3794627088 788 0.000000 0.000000 1.750000
0.932650 5.0 125 905 1 225 3794627099 1030 0.000000 0.000000 1.750000
0.932700 5.0 175 1080 0 281 3794627109 1255 0.000000 0.000000 1.750000
0.932750 5.0 247 1558 1 358 3794627120 1805 0.000000 0.000000 1.750000
0.932810 5.0 257 1771 1 442 3794627131 2028 0.000000 0.000000 1.750000
0.932860 5.0 265 1843 1 479 3794627142 2108 0.000000 0.000000 1.750000
0.932910 5.0 258 1872 0 506 3794627153 2130 0.000000 0.000000 1.750000
0.932960 5.0 225 1770 2 473 3794627164 1995 0.000000 0.000000 1.750000
0.933000 5.0 193 1596 0 410 3794627174 1789 0.000000 0.000000 1.750000
0.933060 5.0 171 1299 1 353 3794627185 1470 0.000000 0.000000 1.750000
0.933100 5.0 149 1007 2 258 3794627196 1156 0.000000 0.000000 1.750000
0.933150 5.0 101 781 0 177 3794627207 882 0.000000 0.000000 1.750000
0.933200 5.0 94 589 1 101 3794627217 683 0.000000 0.000000 1.750000
0.933250 5.0 75 537 2 83 3794627229 612 0.000000 0.000000 1.750000
0.933310 5.0 33 423 0 56 3794627239 456 0.000000 0.000000 1.750000
0.933360 5.0 30 388 1 36 3794627250 418 0.000000 0.000000 1.750000
0.933400 5.0 19 300 0 22 3794627261 319 0.000000 0.000000 1.750000
0.933450 5.0 7 291 0 28 3794627272 298 0.000000 0.000000 1.750000
0.933510 5.0 7 231 0 13 3794627282 238 0.000000 0.000000 1.750000
0.933560 5.0 11 211 0 18 3794627293 222 0.000000 0.000000 1.750000
0.933610 5.0 4 188 1 13 3794627304 192 0.000000 0.000000 1.750000
0.933640 5.0 3 175 1 10 3794627315 178 0.000000 0.000000 1.750000
0.933700 5.0 1 145 0 6 3794627326 146 0.000000 0.000000 1.750000
