# BinNR microsec tot-time (s)  O-Beam H-beam AUX Ampl(V) f(Hz) phase(deg) chi(pos)
0 0.00 1200.00 167 1505 377 0.850 2000.000 0.000 -0.802
1 50.00 1200.00 135 1627 409 0.850 2000.000 0.000 -0.802
2 100.00 1200.00 152 1761 482 0.850 2000.000 0.000 -0.802
3 150.00 1200.00 111 1743 539 0.850 2000.000 0.000 -0.802
4 200.00 1200.00 152 1753 487 0.850 2000.000 0.000 -0.802
5 250.00 1200.00 171 1627 504 0.850 2000.000 0.000 -0.802
6 300.00 1200.00 199 1556 438 0.850 2000.000 0.000 -0.802
7 350.00 1200.00 192 1443 388 0.850 2000.000 0.000 -0.802
8 400.00 1200.00 222 1443 349 0.850 2000.000 0.000 -0.802
9 450.00 1200.00 204 1421 329 0.850 2000.000 0.000 -0.802
10 500.00 1200.00 198 1559 370 0.850 2000.000 0.000 -0.802
11 550.00 1200.00 151 1636 441 0.850 2000.000 0.000 -0.802
12 600.00 1200.00 137 1762 433 0.850 2000.000 0.000 -0.802
13 650.00 1200.00 144 1714 508 0.850 2000.000 0.000 -0.802
14 700.00 1200.00 161 1705 540 0.850 2000.000 0.000 -0.802
15 750.00 1200.00 138 1636 471 0.850 2000.000 0.000 -0.802
16 800.00 1200.00 181 1545 428 0.850 2000.000 0.000 -0.802
17 850.00 1200.00 197 1404 395 0.850 2000.000 0.000 -0.802
18 900.00 1200.00 202 1457 353 0.850 2000.000 0.000 -0.802
19 950.00 1200.00 191 1448 321 0.850 2000.000 0.000 -0.802
