# BinNR microsec tot-time (s)  O-Beam H-beam AUX Ampl(V) f(Hz) phase(deg) chi(pos)
0 0.00 1200.00 224 1313 722 0.850 2000.000 0.000 0.505
1 50.00 1200.00 270 1200 676 0.850 2000.000 0.000 0.505
2 100.00 1200.00 283 1217 602 0.850 2000.000 0.000 0.505
3 150.00 1200.00 268 1126 601 0.850 2000.000 0.000 0.505
4 200.00 1200.00 241 1179 606 0.850 2000.000 0.000 0.505
5 250.00 1200.00 253 1159 606 0.850 2000.000 0.000 0.505
6 300.00 1200.00 274 1244 647 0.850 2000.000 0.000 0.505
7 350.00 1200.00 225 1332 711 0.850 2000.000 0.000 0.505
8 400.00 1200.00 205 1415 674 0.850 2000.000 0.000 0.505
9 450.00 1200.00 230 1351 666 0.850 2000.000 0.000 0.505
10 500.00 1200.00 239 1284 711 0.850 2000.000 0.000 0.505
11 550.00 1200.00 248 1193 659 0.850 2000.000 0.000 0.505
12 600.00 1200.00 280 1113 647 0.850 2000.000 0.000 0.505
13 650.00 1200.00 276 1103 555 0.850 2000.000 0.000 0.505
14 700.00 1200.00 282 1168 594 0.850 2000.000 0.000 0.505
15 750.00 1200.00 260 1231 565 0.850 2000.000 0.000 0.505
16 800.00 1200.00 234 1269 674 0.850 2000.000 0.000 0.505
17 850.00 1200.00 236 1287 678 0.850 2000.000 0.000 0.505
18 900.00 1200.00 205 1318 727 0.850 2000.000 0.000 0.505
19 950.00 1200.00 228 1389 692 0.850 2000.000 0.000 0.505
