# BinNR microsec tot-time (s)  O-Beam H-beam AUX Ampl(V) f(Hz) phase(deg) chi(pos)
0 0.00 1200.00 394 1547 1166 4.127 2000.000 0.000 -0.681
1 50.00 1200.00 438 1380 1134 4.127 2000.000 0.000 -0.681
2 100.00 1200.00 440 1401 1111 4.127 2000.000 0.000 -0.681
3 150.00 1200.00 425 1421 1009 4.127 2000.000 0.000 -0.681
4 200.00 1200.00 402 1487 1113 4.127 2000.000 0.000 -0.681
5 250.00 1200.00 395 1499 1117 4.127 2000.000 0.000 -0.681
6 300.00 1200.00 364 1589 1178 4.127 2000.000 0.000 -0.681
7 350.00 1200.00 400 1690 1251 4.127 2000.000 0.000 -0.681
8 400.00 1200.00 386 1750 1145 4.127 2000.000 0.000 -0.681
9 450.00 1200.00 377 1603 1228 4.127 2000.000 0.000 -0.681
10 500.00 1200.00 390 1515 1180 4.127 2000.000 0.000 -0.681
11 550.00 1200.00 408 1444 1118 4.127 2000.000 0.000 -0.681
12 600.00 1200.00 409 1419 1064 4.127 2000.000 0.000 -0.681
13 650.00 1200.00 448 1475 1077 4.127 2000.000 0.000 -0.681
14 700.00 1200.00 418 1459 1051 4.127 2000.000 0.000 -0.681
15 750.00 1200.00 395 1445 1121 4.127 2000.000 0.000 -0.681
16 800.00 1200.00 384 1600 1211 4.127 2000.000 0.000 -0.681
17 850.00 1200.00 404 1708 1254 4.127 2000.000 0.000 -0.681
18 900.00 1200.00 377 1740 1154 4.127 2000.000 0.000 -0.681
19 950.00 1200.00 383 1600 1215 4.127 2000.000 0.000 -0.681
