# BinNR microsec tot-time (s)  O-Beam H-beam AUX Ampl(V) f(Hz) phase(deg) chi(pos)
0 0.00 1200.00 315 1504 749 4.120 2000.000 0.000 1.494
1 50.00 1200.00 284 1650 794 4.120 2000.000 0.000 1.494
2 100.00 1200.00 258 1764 906 4.120 2000.000 0.000 1.494
3 150.00 1200.00 253 1806 921 4.120 2000.000 0.000 1.494
4 200.00 1200.00 249 1634 921 4.120 2000.000 0.000 1.494
5 250.00 1200.00 291 1556 909 4.120 2000.000 0.000 1.494
6 300.00 1200.00 330 1443 836 4.120 2000.000 0.000 1.494
7 350.00 1200.00 351 1330 732 4.120 2000.000 0.000 1.494
8 400.00 1200.00 392 1352 628 4.120 2000.000 0.000 1.494
9 450.00 1200.00 323 1394 708 4.120 2000.000 0.000 1.494
10 500.00 1200.00 332 1528 771 4.120 2000.000 0.000 1.494
11 550.00 1200.00 296 1623 828 4.120 2000.000 0.000 1.494
12 600.00 1200.00 247 1626 877 4.120 2000.000 0.000 1.494
13 650.00 1200.00 282 1781 916 4.120 2000.000 0.000 1.494
14 700.00 1200.00 252 1689 915 4.120 2000.000 0.000 1.494
15 750.00 1200.00 290 1524 841 4.120 2000.000 0.000 1.494
16 800.00 1200.00 361 1475 803 4.120 2000.000 0.000 1.494
17 850.00 1200.00 349 1391 781 4.120 2000.000 0.000 1.494
18 900.00 1200.00 369 1310 671 4.120 2000.000 0.000 1.494
19 950.00 1200.00 322 1369 699 4.120 2000.000 0.000 1.494
