# BinNR microsec tot-time (s)  O-Beam H-beam AUX Ampl(V) f(Hz) phase(deg) chi(pos)
0 0.00 1200.00 191 2285 331 4.120 2000.000 0.000 -0.154
1 50.00 1200.00 144 2358 394 4.120 2000.000 0.000 -0.154
2 100.00 1200.00 121 2331 519 4.120 2000.000 0.000 -0.154
3 150.00 1200.00 114 2396 547 4.120 2000.000 0.000 -0.154
4 200.00 1200.00 131 2318 532 4.120 2000.000 0.000 -0.154
5 250.00 1200.00 150 2288 451 4.120 2000.000 0.000 -0.154
6 300.00 1200.00 194 2213 385 4.120 2000.000 0.000 -0.154
7 350.00 1200.00 198 2011 357 4.120 2000.000 0.000 -0.154
8 400.00 1200.00 210 2035 313 4.120 2000.000 0.000 -0.154
9 450.00 1200.00 184 2127 320 4.120 2000.000 0.000 -0.154
10 500.00 1200.00 167 2147 359 4.120 2000.000 0.000 -0.154
11 550.00 1200.00 147 2230 407 4.120 2000.000 0.000 -0.154
12 600.00 1200.00 114 2348 463 4.120 2000.000 0.000 -0.154
13 650.00 1200.00 136 2417 527 4.120 2000.000 0.000 -0.154
14 700.00 1200.00 130 2302 552 4.120 2000.000 0.000 -0.154
15 750.00 1200.00 168 2339 496 4.120 2000.000 0.000 -0.154
16 800.00 1200.00 184 2200 392 4.120 2000.000 0.000 -0.154
17 850.00 1200.00 202 1999 347 4.120 2000.000 0.000 -0.154
18 900.00 1200.00 210 2014 283 4.120 2000.000 0.000 -0.154
19 950.00 1200.00 198 2088 293 4.120 2000.000 0.000 -0.154
