# BinNR microsec tot-time (s)  O-Beam H-beam AUX Ampl1(V) f1(Hz) phase1(deg) Ampl1(V) f1(Hz) phase1(deg) chi(pos)
0 0.00 1200.00 12 410 25 0.425 2000.000 0.000 0.425 3000.000 0.000 -1.362
1 16.67 1200.00 19 403 20 0.425 2000.000 0.000 0.425 3000.000 0.000 -1.362
2 33.33 1200.00 21 406 36 0.425 2000.000 0.000 0.425 3000.000 0.000 -1.362
3 50.00 1200.00 14 402 35 0.425 2000.000 0.000 0.425 3000.000 0.000 -1.362
4 66.67 1200.00 10 422 35 0.425 2000.000 0.000 0.425 3000.000 0.000 -1.362
5 83.33 1200.00 16 358 25 0.425 2000.000 0.000 0.425 3000.000 0.000 -1.362
6 100.00 1200.00 13 401 32 0.425 2000.000 0.000 0.425 3000.000 0.000 -1.362
7 116.67 1200.00 17 427 33 0.425 2000.000 0.000 0.425 3000.000 0.000 -1.362
8 133.33 1200.00 13 392 26 0.425 2000.000 0.000 0.425 3000.000 0.000 -1.362
9 150.00 1200.00 22 381 26 0.425 2000.000 0.000 0.425 3000.000 0.000 -1.362
10 166.67 1200.00 14 387 34 0.425 2000.000 0.000 0.425 3000.000 0.000 -1.362
11 183.33 1200.00 14 415 28 0.425 2000.000 0.000 0.425 3000.000 0.000 -1.362
12 200.00 1200.00 17 386 25 0.425 2000.000 0.000 0.425 3000.000 0.000 -1.362
13 216.67 1200.00 20 432 32 0.425 2000.000 0.000 0.425 3000.000 0.000 -1.362
14 233.33 1200.00 9 404 34 0.425 2000.000 0.000 0.425 3000.000 0.000 -1.362
15 250.00 1200.00 19 382 32 0.425 2000.000 0.000 0.425 3000.000 0.000 -1.362
16 266.67 1200.00 15 409 29 0.425 2000.000 0.000 0.425 3000.000 0.000 -1.362
17 283.33 1200.00 14 394 38 0.425 2000.000 0.000 0.425 3000.000 0.000 -1.362
18 300.00 1200.00 16 403 39 0.425 2000.000 0.000 0.425 3000.000 0.000 -1.362
19 316.67 1200.00 23 367 31 0.425 2000.000 0.000 0.425 3000.000 0.000 -1.362
20 333.33 1200.00 16 443 31 0.425 2000.000 0.000 0.425 3000.000 0.000 -1.362
21 350.00 1200.00 22 453 30 0.425 2000.000 0.000 0.425 3000.000 0.000 -1.362
22 366.67 1200.00 18 420 49 0.425 2000.000 0.000 0.425 3000.000 0.000 -1.362
23 383.33 1200.00 28 406 38 0.425 2000.000 0.000 0.425 3000.000 0.000 -1.362
24 400.00 1200.00 18 393 39 0.425 2000.000 0.000 0.425 3000.000 0.000 -1.362
25 416.67 1200.00 18 412 20 0.425 2000.000 0.000 0.425 3000.000 0.000 -1.362
26 433.33 1200.00 25 404 22 0.425 2000.000 0.000 0.425 3000.000 0.000 -1.362
27 450.00 1200.00 19 398 29 0.425 2000.000 0.000 0.425 3000.000 0.000 -1.362
28 466.67 1200.00 12 410 18 0.425 2000.000 0.000 0.425 3000.000 0.000 -1.362
29 483.33 1200.00 17 371 23 0.425 2000.000 0.000 0.425 3000.000 0.000 -1.362
30 500.00 1200.00 12 363 24 0.425 2000.000 0.000 0.425 3000.000 0.000 -1.362
31 516.67 1200.00 17 361 23 0.425 2000.000 0.000 0.425 3000.000 0.000 -1.362
32 533.33 1200.00 16 404 19 0.425 2000.000 0.000 0.425 3000.000 0.000 -1.362
33 550.00 1200.00 8 417 26 0.425 2000.000 0.000 0.425 3000.000 0.000 -1.362
34 566.67 1200.00 9 346 20 0.425 2000.000 0.000 0.425 3000.000 0.000 -1.362
35 583.33 1200.00 19 349 25 0.425 2000.000 0.000 0.425 3000.000 0.000 -1.362
36 600.00 1200.00 19 390 25 0.425 2000.000 0.000 0.425 3000.000 0.000 -1.362
37 616.67 1200.00 4 449 38 0.425 2000.000 0.000 0.425 3000.000 0.000 -1.362
38 633.33 1200.00 15 421 33 0.425 2000.000 0.000 0.425 3000.000 0.000 -1.362
39 650.00 1200.00 19 413 44 0.425 2000.000 0.000 0.425 3000.000 0.000 -1.362
40 666.67 1200.00 15 434 45 0.425 2000.000 0.000 0.425 3000.000 0.000 -1.362
41 683.33 1200.00 11 414 51 0.425 2000.000 0.000 0.425 3000.000 0.000 -1.362
42 700.00 1200.00 14 417 47 0.425 2000.000 0.000 0.425 3000.000 0.000 -1.362
43 716.67 1200.00 13 446 40 0.425 2000.000 0.000 0.425 3000.000 0.000 -1.362
44 733.33 1200.00 12 415 37 0.425 2000.000 0.000 0.425 3000.000 0.000 -1.362
45 750.00 1200.00 10 414 40 0.425 2000.000 0.000 0.425 3000.000 0.000 -1.362
46 766.67 1200.00 12 419 34 0.425 2000.000 0.000 0.425 3000.000 0.000 -1.362
47 783.33 1200.00 19 404 23 0.425 2000.000 0.000 0.425 3000.000 0.000 -1.362
48 800.00 1200.00 10 415 28 0.425 2000.000 0.000 0.425 3000.000 0.000 -1.362
49 816.67 1200.00 15 398 25 0.425 2000.000 0.000 0.425 3000.000 0.000 -1.362
50 833.34 1200.00 11 366 24 0.425 2000.000 0.000 0.425 3000.000 0.000 -1.362
51 850.00 1200.00 14 369 22 0.425 2000.000 0.000 0.425 3000.000 0.000 -1.362
52 866.67 1200.00 16 401 22 0.425 2000.000 0.000 0.425 3000.000 0.000 -1.362
53 883.34 1200.00 13 370 27 0.425 2000.000 0.000 0.425 3000.000 0.000 -1.362
54 900.00 1200.00 18 345 18 0.425 2000.000 0.000 0.425 3000.000 0.000 -1.362
55 916.67 1200.00 13 367 22 0.425 2000.000 0.000 0.425 3000.000 0.000 -1.362
56 933.34 1200.00 13 379 28 0.425 2000.000 0.000 0.425 3000.000 0.000 -1.362
57 950.00 1200.00 19 400 25 0.425 2000.000 0.000 0.425 3000.000 0.000 -1.362
58 966.67 1200.00 18 367 22 0.425 2000.000 0.000 0.425 3000.000 0.000 -1.362
59 983.34 1200.00 20 385 26 0.425 2000.000 0.000 0.425 3000.000 0.000 -1.362
60 1000.00 1200.00 24 431 35 0.425 2000.000 0.000 0.425 3000.000 0.000 -1.362
61 1016.67 1200.00 12 401 34 0.425 2000.000 0.000 0.425 3000.000 0.000 -1.362
62 1033.34 1200.00 30 394 31 0.425 2000.000 0.000 0.425 3000.000 0.000 -1.362
63 1050.00 1200.00 21 443 25 0.425 2000.000 0.000 0.425 3000.000 0.000 -1.362
64 1066.67 1200.00 13 409 28 0.425 2000.000 0.000 0.425 3000.000 0.000 -1.362
65 1083.34 1200.00 16 445 33 0.425 2000.000 0.000 0.425 3000.000 0.000 -1.362
66 1100.00 1200.00 20 420 36 0.425 2000.000 0.000 0.425 3000.000 0.000 -1.362
67 1116.67 1200.00 12 396 29 0.425 2000.000 0.000 0.425 3000.000 0.000 -1.362
68 1133.34 1200.00 10 405 43 0.425 2000.000 0.000 0.425 3000.000 0.000 -1.362
69 1150.00 1200.00 9 394 25 0.425 2000.000 0.000 0.425 3000.000 0.000 -1.362
70 1166.67 1200.00 15 396 27 0.425 2000.000 0.000 0.425 3000.000 0.000 -1.362
71 1183.34 1200.00 14 407 37 0.425 2000.000 0.000 0.425 3000.000 0.000 -1.362
72 1200.00 1200.00 18 386 36 0.425 2000.000 0.000 0.425 3000.000 0.000 -1.362
73 1216.67 1200.00 11 388 28 0.425 2000.000 0.000 0.425 3000.000 0.000 -1.362
74 1233.34 1200.00 11 375 34 0.425 2000.000 0.000 0.425 3000.000 0.000 -1.362
75 1250.00 1200.00 5 413 27 0.425 2000.000 0.000 0.425 3000.000 0.000 -1.362
76 1266.67 1200.00 10 361 28 0.425 2000.000 0.000 0.425 3000.000 0.000 -1.362
77 1283.34 1200.00 11 415 34 0.425 2000.000 0.000 0.425 3000.000 0.000 -1.362
78 1300.00 1200.00 15 435 35 0.425 2000.000 0.000 0.425 3000.000 0.000 -1.362
79 1316.67 1200.00 18 392 34 0.425 2000.000 0.000 0.425 3000.000 0.000 -1.362
80 1333.34 1200.00 19 392 31 0.425 2000.000 0.000 0.425 3000.000 0.000 -1.362
81 1350.00 1200.00 13 404 42 0.425 2000.000 0.000 0.425 3000.000 0.000 -1.362
82 1366.67 1200.00 31 392 37 0.425 2000.000 0.000 0.425 3000.000 0.000 -1.362
83 1383.34 1200.00 20 427 27 0.425 2000.000 0.000 0.425 3000.000 0.000 -1.362
84 1400.00 1200.00 18 409 29 0.425 2000.000 0.000 0.425 3000.000 0.000 -1.362
85 1416.67 1200.00 14 385 26 0.425 2000.000 0.000 0.425 3000.000 0.000 -1.362
86 1433.34 1200.00 22 405 19 0.425 2000.000 0.000 0.425 3000.000 0.000 -1.362
87 1450.00 1200.00 19 417 22 0.425 2000.000 0.000 0.425 3000.000 0.000 -1.362
88 1466.67 1200.00 23 408 34 0.425 2000.000 0.000 0.425 3000.000 0.000 -1.362
89 1483.34 1200.00 15 365 25 0.425 2000.000 0.000 0.425 3000.000 0.000 -1.362
90 1500.00 1200.00 14 409 27 0.425 2000.000 0.000 0.425 3000.000 0.000 -1.362
91 1516.67 1200.00 25 376 32 0.425 2000.000 0.000 0.425 3000.000 0.000 -1.362
92 1533.34 1200.00 13 397 16 0.425 2000.000 0.000 0.425 3000.000 0.000 -1.362
93 1550.00 1200.00 15 389 24 0.425 2000.000 0.000 0.425 3000.000 0.000 -1.362
94 1566.67 1200.00 13 393 31 0.425 2000.000 0.000 0.425 3000.000 0.000 -1.362
95 1583.34 1200.00 8 396 28 0.425 2000.000 0.000 0.425 3000.000 0.000 -1.362
96 1600.00 1200.00 7 365 32 0.425 2000.000 0.000 0.425 3000.000 0.000 -1.362
97 1616.67 1200.00 15 405 47 0.425 2000.000 0.000 0.425 3000.000 0.000 -1.362
98 1633.34 1200.00 8 396 35 0.425 2000.000 0.000 0.425 3000.000 0.000 -1.362
99 1650.00 1200.00 14 411 48 0.425 2000.000 0.000 0.425 3000.000 0.000 -1.362
100 1666.67 1200.00 14 389 32 0.425 2000.000 0.000 0.425 3000.000 0.000 -1.362
101 1683.34 1200.00 16 392 50 0.425 2000.000 0.000 0.425 3000.000 0.000 -1.362
102 1700.00 1200.00 17 435 48 0.425 2000.000 0.000 0.425 3000.000 0.000 -1.362
103 1716.67 1200.00 13 410 38 0.425 2000.000 0.000 0.425 3000.000 0.000 -1.362
104 1733.34 1200.00 18 436 48 0.425 2000.000 0.000 0.425 3000.000 0.000 -1.362
105 1750.00 1200.00 16 413 31 0.425 2000.000 0.000 0.425 3000.000 0.000 -1.362
106 1766.67 1200.00 17 472 34 0.425 2000.000 0.000 0.425 3000.000 0.000 -1.362
107 1783.34 1200.00 16 396 30 0.425 2000.000 0.000 0.425 3000.000 0.000 -1.362
108 1800.00 1200.00 13 424 28 0.425 2000.000 0.000 0.425 3000.000 0.000 -1.362
109 1816.67 1200.00 13 373 34 0.425 2000.000 0.000 0.425 3000.000 0.000 -1.362
110 1833.34 1200.00 20 375 18 0.425 2000.000 0.000 0.425 3000.000 0.000 -1.362
111 1850.00 1200.00 15 384 23 0.425 2000.000 0.000 0.425 3000.000 0.000 -1.362
112 1866.67 1200.00 18 367 30 0.425 2000.000 0.000 0.425 3000.000 0.000 -1.362
113 1883.34 1200.00 9 373 24 0.425 2000.000 0.000 0.425 3000.000 0.000 -1.362
114 1900.00 1200.00 14 391 26 0.425 2000.000 0.000 0.425 3000.000 0.000 -1.362
115 1916.67 1200.00 20 367 19 0.425 2000.000 0.000 0.425 3000.000 0.000 -1.362
116 1933.34 1200.00 13 400 21 0.425 2000.000 0.000 0.425 3000.000 0.000 -1.362
117 1950.00 1200.00 13 366 27 0.425 2000.000 0.000 0.425 3000.000 0.000 -1.362
118 1966.67 1200.00 13 370 14 0.425 2000.000 0.000 0.425 3000.000 0.000 -1.362
119 1983.34 1200.00 17 370 24 0.425 2000.000 0.000 0.425 3000.000 0.000 -1.362
