# BinNR microsec tot-time (s)  O-Beam H-beam AUX Ampl1(V) f1(Hz) phase1(deg) Ampl1(V) f1(Hz) phase1(deg) chi(pos)
0 0.00 1200.00 38 342 80 0.425 2000.000 0.000 0.425 3000.000 0.000 0.363
1 16.67 1200.00 38 302 69 0.425 2000.000 0.000 0.425 3000.000 0.000 0.363
2 33.33 1200.00 35 310 88 0.425 2000.000 0.000 0.425 3000.000 0.000 0.363
3 50.00 1200.00 44 344 90 0.425 2000.000 0.000 0.425 3000.000 0.000 0.363
4 66.67 1200.00 24 335 75 0.425 2000.000 0.000 0.425 3000.000 0.000 0.363
5 83.33 1200.00 48 369 90 0.425 2000.000 0.000 0.425 3000.000 0.000 0.363
6 100.00 1200.00 34 340 91 0.425 2000.000 0.000 0.425 3000.000 0.000 0.363
7 116.67 1200.00 35 383 87 0.425 2000.000 0.000 0.425 3000.000 0.000 0.363
8 133.33 1200.00 38 351 90 0.425 2000.000 0.000 0.425 3000.000 0.000 0.363
9 150.00 1200.00 34 367 73 0.425 2000.000 0.000 0.425 3000.000 0.000 0.363
10 166.67 1200.00 38 336 77 0.425 2000.000 0.000 0.425 3000.000 0.000 0.363
11 183.33 1200.00 27 354 79 0.425 2000.000 0.000 0.425 3000.000 0.000 0.363
12 200.00 1200.00 31 315 79 0.425 2000.000 0.000 0.425 3000.000 0.000 0.363
13 216.67 1200.00 21 332 96 0.425 2000.000 0.000 0.425 3000.000 0.000 0.363
14 233.33 1200.00 32 323 93 0.425 2000.000 0.000 0.425 3000.000 0.000 0.363
15 250.00 1200.00 26 324 86 0.425 2000.000 0.000 0.425 3000.000 0.000 0.363
16 266.67 1200.00 27 299 91 0.425 2000.000 0.000 0.425 3000.000 0.000 0.363
17 283.33 1200.00 29 321 102 0.425 2000.000 0.000 0.425 3000.000 0.000 0.363
18 300.00 1200.00 31 298 83 0.425 2000.000 0.000 0.425 3000.000 0.000 0.363
19 316.67 1200.00 34 280 97 0.425 2000.000 0.000 0.425 3000.000 0.000 0.363
20 333.33 1200.00 47 309 98 0.425 2000.000 0.000 0.425 3000.000 0.000 0.363
21 350.00 1200.00 40 350 95 0.425 2000.000 0.000 0.425 3000.000 0.000 0.363
22 366.67 1200.00 46 305 95 0.425 2000.000 0.000 0.425 3000.000 0.000 0.363
23 383.33 1200.00 42 297 88 0.425 2000.000 0.000 0.425 3000.000 0.000 0.363
24 400.00 1200.00 44 300 76 0.425 2000.000 0.000 0.425 3000.000 0.000 0.363
25 416.67 1200.00 54 373 67 0.425 2000.000 0.000 0.425 3000.000 0.000 0.363
26 433.33 1200.00 48 319 74 0.425 2000.000 0.000 0.425 3000.000 0.000 0.363
27 450.00 1200.00 47 331 65 0.425 2000.000 0.000 0.425 3000.000 0.000 0.363
28 466.67 1200.00 36 315 65 0.425 2000.000 0.000 0.425 3000.000 0.000 0.363
29 483.33 1200.00 39 315 66 0.425 2000.000 0.000 0.425 3000.000 0.000 0.363
30 500.00 1200.00 33 290 43 0.425 2000.000 0.000 0.425 3000.000 0.000 0.363
31 516.67 1200.00 40 337 57 0.425 2000.000 0.000 0.425 3000.000 0.000 0.363
32 533.33 1200.00 36 294 73 0.425 2000.000 0.000 0.425 3000.000 0.000 0.363
33 550.00 1200.00 38 325 50 0.425 2000.000 0.000 0.425 3000.000 0.000 0.363
34 566.67 1200.00 43 316 55 0.425 2000.000 0.000 0.425 3000.000 0.000 0.363
35 583.33 1200.00 25 253 68 0.425 2000.000 0.000 0.425 3000.000 0.000 0.363
36 600.00 1200.00 22 319 72 0.425 2000.000 0.000 0.425 3000.000 0.000 0.363
37 616.67 1200.00 31 308 100 0.425 2000.000 0.000 0.425 3000.000 0.000 0.363
38 633.33 1200.00 32 322 106 0.425 2000.000 0.000 0.425 3000.000 0.000 0.363
39 650.00 1200.00 30 332 112 0.425 2000.000 0.000 0.425 3000.000 0.000 0.363
40 666.67 1200.00 41 357 97 0.425 2000.000 0.000 0.425 3000.000 0.000 0.363
41 683.33 1200.00 42 339 109 0.425 2000.000 0.000 0.425 3000.000 0.000 0.363
42 700.00 1200.00 48 360 110 0.425 2000.000 0.000 0.425 3000.000 0.000 0.363
43 716.67 1200.00 37 358 103 0.425 2000.000 0.000 0.425 3000.000 0.000 0.363
44 733.33 1200.00 38 351 99 0.425 2000.000 0.000 0.425 3000.000 0.000 0.363
45 750.00 1200.00 40 349 94 0.425 2000.000 0.000 0.425 3000.000 0.000 0.363
46 766.67 1200.00 42 365 99 0.425 2000.000 0.000 0.425 3000.000 0.000 0.363
47 783.33 1200.00 53 346 85 0.425 2000.000 0.000 0.425 3000.000 0.000 0.363
48 800.00 1200.00 34 323 84 0.425 2000.000 0.000 0.425 3000.000 0.000 0.363
49 816.67 1200.00 35 290 57 0.425 2000.000 0.000 0.425 3000.000 0.000 0.363
50 833.34 1200.00 40 297 71 0.425 2000.000 0.000 0.425 3000.000 0.000 0.363
51 850.00 1200.00 35 290 63 0.425 2000.000 0.000 0.425 3000.000 0.000 0.363
52 866.67 1200.00 37 298 60 0.425 2000.000 0.000 0.425 3000.000 0.000 0.363
53 883.34 1200.00 28 267 61 0.425 2000.000 0.000 0.425 3000.000 0.000 0.363
54 900.00 1200.00 38 289 67 0.425 2000.000 0.000 0.425 3000.000 0.000 0.363
55 916.67 1200.00 50 286 58 0.425 2000.000 0.000 0.425 3000.000 0.000 0.363
56 933.34 1200.00 32 288 53 0.425 2000.000 0.000 0.425 3000.000 0.000 0.363
57 950.00 1200.00 46 300 67 0.425 2000.000 0.000 0.425 3000.000 0.000 0.363
58 966.67 1200.00 43 308 73 0.425 2000.000 0.000 0.425 3000.000 0.000 0.363
59 983.34 1200.00 38 315 78 0.425 2000.000 0.000 0.425 3000.000 0.000 0.363
60 1000.00 1200.00 48 328 72 0.425 2000.000 0.000 0.425 3000.000 0.000 0.363
61 1016.67 1200.00 35 292 82 0.425 2000.000 0.000 0.425 3000.000 0.000 0.363
62 1033.34 1200.00 45 299 97 0.425 2000.000 0.000 0.425 3000.000 0.000 0.363
63 1050.00 1200.00 27 388 111 0.425 2000.000 0.000 0.425 3000.000 0.000 0.363
64 1066.67 1200.00 49 373 89 0.425 2000.000 0.000 0.425 3000.000 0.000 0.363
65 1083.34 1200.00 38 368 94 0.425 2000.000 0.000 0.425 3000.000 0.000 0.363
66 1100.00 1200.00 25 339 63 0.425 2000.000 0.000 0.425 3000.000 0.000 0.363
67 1116.67 1200.00 32 359 64 0.425 2000.000 0.000 0.425 3000.000 0.000 0.363
68 1133.34 1200.00 29 346 91 0.425 2000.000 0.000 0.425 3000.000 0.000 0.363
69 1150.00 1200.00 38 351 74 0.425 2000.000 0.000 0.425 3000.000 0.000 0.363
70 1166.67 1200.00 29 321 84 0.425 2000.000 0.000 0.425 3000.000 0.000 0.363
71 1183.34 1200.00 24 342 68 0.425 2000.000 0.000 0.425 3000.000 0.000 0.363
72 1200.00 1200.00 33 334 78 0.425 2000.000 0.000 0.425 3000.000 0.000 0.363
73 1216.67 1200.00 32 329 77 0.425 2000.000 0.000 0.425 3000.000 0.000 0.363
74 1233.34 1200.00 34 301 83 0.425 2000.000 0.000 0.425 3000.000 0.000 0.363
75 1250.00 1200.00 21 316 116 0.425 2000.000 0.000 0.425 3000.000 0.000 0.363
76 1266.67 1200.00 31 310 102 0.425 2000.000 0.000 0.425 3000.000 0.000 0.363
77 1283.34 1200.00 37 325 96 0.425 2000.000 0.000 0.425 3000.000 0.000 0.363
78 1300.00 1200.00 39 309 90 0.425 2000.000 0.000 0.425 3000.000 0.000 0.363
79 1316.67 1200.00 30 322 90 0.425 2000.000 0.000 0.425 3000.000 0.000 0.363
80 1333.34 1200.00 35 308 88 0.425 2000.000 0.000 0.425 3000.000 0.000 0.363
81 1350.00 1200.00 35 313 115 0.425 2000.000 0.000 0.425 3000.000 0.000 0.363
82 1366.67 1200.00 39 322 88 0.425 2000.000 0.000 0.425 3000.000 0.000 0.363
83 1383.34 1200.00 40 317 76 0.425 2000.000 0.000 0.425 3000.000 0.000 0.363
84 1400.00 1200.00 51 319 91 0.425 2000.000 0.000 0.425 3000.000 0.000 0.363
85 1416.67 1200.00 44 366 66 0.425 2000.000 0.000 0.425 3000.000 0.000 0.363
86 1433.34 1200.00 34 365 70 0.425 2000.000 0.000 0.425 3000.000 0.000 0.363
87 1450.00 1200.00 44 296 63 0.425 2000.000 0.000 0.425 3000.000 0.000 0.363
88 1466.67 1200.00 42 280 66 0.425 2000.000 0.000 0.425 3000.000 0.000 0.363
89 1483.34 1200.00 31 332 57 0.425 2000.000 0.000 0.425 3000.000 0.000 0.363
90 1500.00 1200.00 31 295 60 0.425 2000.000 0.000 0.425 3000.000 0.000 0.363
91 1516.67 1200.00 19 278 58 0.425 2000.000 0.000 0.425 3000.000 0.000 0.363
92 1533.34 1200.00 49 283 69 0.425 2000.000 0.000 0.425 3000.000 0.000 0.363
93 1550.00 1200.00 36 279 59 0.425 2000.000 0.000 0.425 3000.000 0.000 0.363
94 1566.67 1200.00 32 283 77 0.425 2000.000 0.000 0.425 3000.000 0.000 0.363
95 1583.34 1200.00 29 305 77 0.425 2000.000 0.000 0.425 3000.000 0.000 0.363
96 1600.00 1200.00 30 311 72 0.425 2000.000 0.000 0.425 3000.000 0.000 0.363
97 1616.67 1200.00 33 333 95 0.425 2000.000 0.000 0.425 3000.000 0.000 0.363
98 1633.34 1200.00 39 314 82 0.425 2000.000 0.000 0.425 3000.000 0.000 0.363
99 1650.00 1200.00 27 348 121 0.425 2000.000 0.000 0.425 3000.000 0.000 0.363
100 1666.67 1200.00 37 332 96 0.425 2000.000 0.000 0.425 3000.000 0.000 0.363
101 1683.34 1200.00 24 337 114 0.425 2000.000 0.000 0.425 3000.000 0.000 0.363
102 1700.00 1200.00 33 346 103 0.425 2000.000 0.000 0.425 3000.000 0.000 0.363
103 1716.67 1200.00 47 361 102 0.425 2000.000 0.000 0.425 3000.000 0.000 0.363
104 1733.34 1200.00 37 383 109 0.425 2000.000 0.000 0.425 3000.000 0.000 0.363
105 1750.00 1200.00 39 366 85 0.425 2000.000 0.000 0.425 3000.000 0.000 0.363
106 1766.67 1200.00 31 356 91 0.425 2000.000 0.000 0.425 3000.000 0.000 0.363
107 1783.34 1200.00 50 321 91 0.425 2000.000 0.000 0.425 3000.000 0.000 0.363
108 1800.00 1200.00 34 327 61 0.425 2000.000 0.000 0.425 3000.000 0.000 0.363
109 1816.67 1200.00 43 319 73 0.425 2000.000 0.000 0.425 3000.000 0.000 0.363
110 1833.34 1200.00 33 347 77 0.425 2000.000 0.000 0.425 3000.000 0.000 0.363
111 1850.00 1200.00 43 304 78 0.425 2000.000 0.000 0.425 3000.000 0.000 0.363
112 1866.67 1200.00 35 256 60 0.425 2000.000 0.000 0.425 3000.000 0.000 0.363
113 1883.34 1200.00 47 318 79 0.425 2000.000 0.000 0.425 3000.000 0.000 0.363
114 1900.00 1200.00 34 285 69 0.425 2000.000 0.000 0.425 3000.000 0.000 0.363
115 1916.67 1200.00 39 290 84 0.425 2000.000 0.000 0.425 3000.000 0.000 0.363
116 1933.34 1200.00 31 279 70 0.425 2000.000 0.000 0.425 3000.000 0.000 0.363
117 1950.00 1200.00 31 329 75 0.425 2000.000 0.000 0.425 3000.000 0.000 0.363
118 1966.67 1200.00 49 285 67 0.425 2000.000 0.000 0.425 3000.000 0.000 0.363
119 1983.34 1200.00 31 294 83 0.425 2000.000 0.000 0.425 3000.000 0.000 0.363
