# BinNR microsec tot-time (s)  O-Beam H-beam AUX Ampl1(V) f1(Hz) phase1(deg) Ampl1(V) f1(Hz) phase1(deg) chi(pos)
0 0.00 1200.00 12 420 25 0.425 2000.000 0.000 0.425 3000.000 0.000 0.934
1 16.67 1200.00 13 408 32 0.425 2000.000 0.000 0.425 3000.000 0.000 0.934
2 33.33 1200.00 12 403 28 0.425 2000.000 0.000 0.425 3000.000 0.000 0.934
3 50.00 1200.00 8 399 22 0.425 2000.000 0.000 0.425 3000.000 0.000 0.934
4 66.67 1200.00 8 398 42 0.425 2000.000 0.000 0.425 3000.000 0.000 0.934
5 83.33 1200.00 13 360 21 0.425 2000.000 0.000 0.425 3000.000 0.000 0.934
6 100.00 1200.00 18 369 39 0.425 2000.000 0.000 0.425 3000.000 0.000 0.934
7 116.67 1200.00 12 380 34 0.425 2000.000 0.000 0.425 3000.000 0.000 0.934
8 133.33 1200.00 20 381 20 0.425 2000.000 0.000 0.425 3000.000 0.000 0.934
9 150.00 1200.00 15 404 32 0.425 2000.000 0.000 0.425 3000.000 0.000 0.934
10 166.67 1200.00 20 387 32 0.425 2000.000 0.000 0.425 3000.000 0.000 0.934
11 183.33 1200.00 18 391 38 0.425 2000.000 0.000 0.425 3000.000 0.000 0.934
12 200.00 1200.00 18 428 46 0.425 2000.000 0.000 0.425 3000.000 0.000 0.934
13 216.67 1200.00 13 426 24 0.425 2000.000 0.000 0.425 3000.000 0.000 0.934
14 233.33 1200.00 14 422 33 0.425 2000.000 0.000 0.425 3000.000 0.000 0.934
15 250.00 1200.00 11 384 36 0.425 2000.000 0.000 0.425 3000.000 0.000 0.934
16 266.67 1200.00 21 403 32 0.425 2000.000 0.000 0.425 3000.000 0.000 0.934
17 283.33 1200.00 13 432 31 0.425 2000.000 0.000 0.425 3000.000 0.000 0.934
18 300.00 1200.00 17 420 25 0.425 2000.000 0.000 0.425 3000.000 0.000 0.934
19 316.67 1200.00 8 413 26 0.425 2000.000 0.000 0.425 3000.000 0.000 0.934
20 333.33 1200.00 11 424 25 0.425 2000.000 0.000 0.425 3000.000 0.000 0.934
21 350.00 1200.00 11 414 23 0.425 2000.000 0.000 0.425 3000.000 0.000 0.934
22 366.67 1200.00 6 401 22 0.425 2000.000 0.000 0.425 3000.000 0.000 0.934
23 383.33 1200.00 12 407 35 0.425 2000.000 0.000 0.425 3000.000 0.000 0.934
24 400.00 1200.00 13 448 32 0.425 2000.000 0.000 0.425 3000.000 0.000 0.934
25 416.67 1200.00 11 366 36 0.425 2000.000 0.000 0.425 3000.000 0.000 0.934
26 433.33 1200.00 15 385 38 0.425 2000.000 0.000 0.425 3000.000 0.000 0.934
27 450.00 1200.00 12 402 34 0.425 2000.000 0.000 0.425 3000.000 0.000 0.934
28 466.67 1200.00 10 420 35 0.425 2000.000 0.000 0.425 3000.000 0.000 0.934
29 483.33 1200.00 17 418 44 0.425 2000.000 0.000 0.425 3000.000 0.000 0.934
30 500.00 1200.00 13 452 46 0.425 2000.000 0.000 0.425 3000.000 0.000 0.934
31 516.67 1200.00 10 414 38 0.425 2000.000 0.000 0.425 3000.000 0.000 0.934
32 533.33 1200.00 10 425 34 0.425 2000.000 0.000 0.425 3000.000 0.000 0.934
33 550.00 1200.00 12 399 36 0.425 2000.000 0.000 0.425 3000.000 0.000 0.934
34 566.67 1200.00 16 409 42 0.425 2000.000 0.000 0.425 3000.000 0.000 0.934
35 583.33 1200.00 13 415 35 0.425 2000.000 0.000 0.425 3000.000 0.000 0.934
36 600.00 1200.00 15 404 25 0.425 2000.000 0.000 0.425 3000.000 0.000 0.934
37 616.67 1200.00 18 394 29 0.425 2000.000 0.000 0.425 3000.000 0.000 0.934
38 633.33 1200.00 16 391 28 0.425 2000.000 0.000 0.425 3000.000 0.000 0.934
39 650.00 1200.00 24 409 24 0.425 2000.000 0.000 0.425 3000.000 0.000 0.934
40 666.67 1200.00 14 396 23 0.425 2000.000 0.000 0.425 3000.000 0.000 0.934
41 683.33 1200.00 12 421 21 0.425 2000.000 0.000 0.425 3000.000 0.000 0.934
42 700.00 1200.00 16 384 24 0.425 2000.000 0.000 0.425 3000.000 0.000 0.934
43 716.67 1200.00 16 372 28 0.425 2000.000 0.000 0.425 3000.000 0.000 0.934
44 733.33 1200.00 12 389 21 0.425 2000.000 0.000 0.425 3000.000 0.000 0.934
45 750.00 1200.00 11 408 26 0.425 2000.000 0.000 0.425 3000.000 0.000 0.934
46 766.67 1200.00 16 404 26 0.425 2000.000 0.000 0.425 3000.000 0.000 0.934
47 783.33 1200.00 19 427 32 0.425 2000.000 0.000 0.425 3000.000 0.000 0.934
48 800.00 1200.00 16 394 33 0.425 2000.000 0.000 0.425 3000.000 0.000 0.934
49 816.67 1200.00 20 425 40 0.425 2000.000 0.000 0.425 3000.000 0.000 0.934
50 833.34 1200.00 17 446 49 0.425 2000.000 0.000 0.425 3000.000 0.000 0.934
51 850.00 1200.00 11 435 34 0.425 2000.000 0.000 0.425 3000.000 0.000 0.934
52 866.67 1200.00 12 390 46 0.425 2000.000 0.000 0.425 3000.000 0.000 0.934
53 883.34 1200.00 17 421 45 0.425 2000.000 0.000 0.425 3000.000 0.000 0.934
54 900.00 1200.00 16 416 49 0.425 2000.000 0.000 0.425 3000.000 0.000 0.934
55 916.67 1200.00 9 408 33 0.425 2000.000 0.000 0.425 3000.000 0.000 0.934
56 933.34 1200.00 17 425 35 0.425 2000.000 0.000 0.425 3000.000 0.000 0.934
57 950.00 1200.00 15 430 29 0.425 2000.000 0.000 0.425 3000.000 0.000 0.934
58 966.67 1200.00 15 406 28 0.425 2000.000 0.000 0.425 3000.000 0.000 0.934
59 983.34 1200.00 14 466 30 0.425 2000.000 0.000 0.425 3000.000 0.000 0.934
60 1000.00 1200.00 12 437 41 0.425 2000.000 0.000 0.425 3000.000 0.000 0.934
61 1016.67 1200.00 8 410 32 0.425 2000.000 0.000 0.425 3000.000 0.000 0.934
62 1033.34 1200.00 15 372 25 0.425 2000.000 0.000 0.425 3000.000 0.000 0.934
63 1050.00 1200.00 17 412 35 0.425 2000.000 0.000 0.425 3000.000 0.000 0.934
64 1066.67 1200.00 18 402 27 0.425 2000.000 0.000 0.425 3000.000 0.000 0.934
65 1083.34 1200.00 10 403 22 0.425 2000.000 0.000 0.425 3000.000 0.000 0.934
66 1100.00 1200.00 14 375 24 0.425 2000.000 0.000 0.425 3000.000 0.000 0.934
67 1116.67 1200.00 16 375 39 0.425 2000.000 0.000 0.425 3000.000 0.000 0.934
68 1133.34 1200.00 16 406 24 0.425 2000.000 0.000 0.425 3000.000 0.000 0.934
69 1150.00 1200.00 12 402 32 0.425 2000.000 0.000 0.425 3000.000 0.000 0.934
70 1166.67 1200.00 17 419 32 0.425 2000.000 0.000 0.425 3000.000 0.000 0.934
71 1183.34 1200.00 20 417 36 0.425 2000.000 0.000 0.425 3000.000 0.000 0.934
72 1200.00 1200.00 21 437 30 0.425 2000.000 0.000 0.425 3000.000 0.000 0.934
73 1216.67 1200.00 22 408 27 0.425 2000.000 0.000 0.425 3000.000 0.000 0.934
74 1233.34 1200.00 21 412 40 0.425 2000.000 0.000 0.425 3000.000 0.000 0.934
75 1250.00 1200.00 18 420 31 0.425 2000.000 0.000 0.425 3000.000 0.000 0.934
76 1266.67 1200.00 13 419 34 0.425 2000.000 0.000 0.425 3000.000 0.000 0.934
77 1283.34 1200.00 15 381 21 0.425 2000.000 0.000 0.425 3000.000 0.000 0.934
78 1300.00 1200.00 10 406 21 0.425 2000.000 0.000 0.425 3000.000 0.000 0.934
79 1316.67 1200.00 13 425 28 0.425 2000.000 0.000 0.425 3000.000 0.000 0.934
80 1333.34 1200.00 11 413 26 0.425 2000.000 0.000 0.425 3000.000 0.000 0.934
81 1350.00 1200.00 11 373 34 0.425 2000.000 0.000 0.425 3000.000 0.000 0.934
82 1366.67 1200.00 20 401 28 0.425 2000.000 0.000 0.425 3000.000 0.000 0.934
83 1383.34 1200.00 12 376 37 0.425 2000.000 0.000 0.425 3000.000 0.000 0.934
84 1400.00 1200.00 9 413 33 0.425 2000.000 0.000 0.425 3000.000 0.000 0.934
85 1416.67 1200.00 6 405 39 0.425 2000.000 0.000 0.425 3000.000 0.000 0.934
86 1433.34 1200.00 12 413 37 0.425 2000.000 0.000 0.425 3000.000 0.000 0.934
87 1450.00 1200.00 16 417 35 0.425 2000.000 0.000 0.425 3000.000 0.000 0.934
88 1466.67 1200.00 12 369 38 0.425 2000.000 0.000 0.425 3000.000 0.000 0.934
89 1483.34 1200.00 9 425 48 0.425 2000.000 0.000 0.425 3000.000 0.000 0.934
90 1500.00 1200.00 13 412 40 0.425 2000.000 0.000 0.425 3000.000 0.000 0.934
91 1516.67 1200.00 15 396 49 0.425 2000.000 0.000 0.425 3000.000 0.000 0.934
92 1533.34 1200.00 6 384 50 0.425 2000.000 0.000 0.425 3000.000 0.000 0.934
93 1550.00 1200.00 18 429 53 0.425 2000.000 0.000 0.425 3000.000 0.000 0.934
94 1566.67 1200.00 21 389 28 0.425 2000.000 0.000 0.425 3000.000 0.000 0.934
95 1583.34 1200.00 15 427 30 0.425 2000.000 0.000 0.425 3000.000 0.000 0.934
96 1600.00 1200.00 28 394 27 0.425 2000.000 0.000 0.425 3000.000 0.000 0.934
97 1616.67 1200.00 22 413 25 0.425 2000.000 0.000 0.425 3000.000 0.000 0.934
98 1633.34 1200.00 16 363 30 0.425 2000.000 0.000 0.425 3000.000 0.000 0.934
99 1650.00 1200.00 10 414 20 0.425 2000.000 0.000 0.425 3000.000 0.000 0.934
100 1666.67 1200.00 12 399 24 0.425 2000.000 0.000 0.425 3000.000 0.000 0.934
101 1683.34 1200.00 13 391 26 0.425 2000.000 0.000 0.425 3000.000 0.000 0.934
102 1700.00 1200.00 15 369 20 0.425 2000.000 0.000 0.425 3000.000 0.000 0.934
103 1716.67 1200.00 19 422 26 0.425 2000.000 0.000 0.425 3000.000 0.000 0.934
104 1733.34 1200.00 16 383 20 0.425 2000.000 0.000 0.425 3000.000 0.000 0.934
105 1750.00 1200.00 15 379 21 0.425 2000.000 0.000 0.425 3000.000 0.000 0.934
106 1766.67 1200.00 9 407 25 0.425 2000.000 0.000 0.425 3000.000 0.000 0.934
107 1783.34 1200.00 13 375 30 0.425 2000.000 0.000 0.425 3000.000 0.000 0.934
108 1800.00 1200.00 10 399 29 0.425 2000.000 0.000 0.425 3000.000 0.000 0.934
109 1816.67 1200.00 14 428 39 0.425 2000.000 0.000 0.425 3000.000 0.000 0.934
110 1833.34 1200.00 11 482 52 0.425 2000.000 0.000 0.425 3000.000 0.000 0.934
111 1850.00 1200.00 17 425 37 0.425 2000.000 0.000 0.425 3000.000 0.000 0.934
112 1866.67 1200.00 19 397 38 0.425 2000.000 0.000 0.425 3000.000 0.000 0.934
113 1883.34 1200.00 14 415 28 0.425 2000.000 0.000 0.425 3000.000 0.000 0.934
114 1900.00 1200.00 16 414 38 0.425 2000.000 0.000 0.425 3000.000 0.000 0.934
115 1916.67 1200.00 16 398 31 0.425 2000.000 0.000 0.425 3000.000 0.000 0.934
116 1933.34 1200.00 10 378 38 0.425 2000.000 0.000 0.425 3000.000 0.000 0.934
117 1950.00 1200.00 14 421 40 0.425 2000.000 0.000 0.425 3000.000 0.000 0.934
118 1966.67 1200.00 11 387 46 0.425 2000.000 0.000 0.425 3000.000 0.000 0.934
119 1983.34 1200.00 8 410 23 0.425 2000.000 0.000 0.425 3000.000 0.000 0.934
