# BinNR microsec tot-time (s)  O-Beam AUX Ampl(V) f(Hz) phase(deg) chi(pos)
0 0.00 1500.00 152 208 2.050 10000.000 0.000 0.330
1 3.00 1500.00 255 434 2.050 10000.000 0.000 0.330
2 6.00 1500.00 274 401 2.050 10000.000 0.000 0.330
3 9.00 1500.00 247 337 2.050 10000.000 0.000 0.330
4 12.00 1500.00 218 314 2.050 10000.000 0.000 0.330
5 15.00 1500.00 212 257 2.050 10000.000 0.000 0.330
6 18.00 1500.00 204 215 2.050 10000.000 0.000 0.330
7 21.00 1500.00 190 184 2.050 10000.000 0.000 0.330
8 24.00 1500.00 204 191 2.050 10000.000 0.000 0.330
9 27.00 1500.00 159 197 2.050 10000.000 0.000 0.330
10 30.00 1500.00 163 179 2.050 10000.000 0.000 0.330
11 33.00 1500.00 160 201 2.050 10000.000 0.000 0.330
12 36.00 1500.00 150 202 2.050 10000.000 0.000 0.330
13 39.00 1500.00 156 207 2.050 10000.000 0.000 0.330
14 42.00 1500.00 129 215 2.050 10000.000 0.000 0.330
15 45.00 1500.00 142 213 2.050 10000.000 0.000 0.330
16 48.00 1500.00 149 211 2.050 10000.000 0.000 0.330
17 51.00 1500.00 149 195 2.050 10000.000 0.000 0.330
18 54.00 1500.00 132 198 2.050 10000.000 0.000 0.330
19 57.00 1500.00 163 210 2.050 10000.000 0.000 0.330
20 60.00 1500.00 139 201 2.050 10000.000 0.000 0.330
21 63.00 1500.00 165 168 2.050 10000.000 0.000 0.330
22 66.00 1500.00 141 215 2.050 10000.000 0.000 0.330
23 69.00 1500.00 171 229 2.050 10000.000 0.000 0.330
24 72.00 1500.00 172 229 2.050 10000.000 0.000 0.330
25 75.00 1500.00 218 248 2.050 10000.000 0.000 0.330
26 78.00 1500.00 228 311 2.050 10000.000 0.000 0.330
27 81.00 1500.00 230 355 2.050 10000.000 0.000 0.330
28 84.00 1500.00 254 437 2.050 10000.000 0.000 0.330
29 87.00 1500.00 262 441 2.050 10000.000 0.000 0.330
30 90.00 1500.00 249 486 2.050 10000.000 0.000 0.330
31 93.00 1500.00 284 511 2.050 10000.000 0.000 0.330
32 96.00 1500.00 281 488 2.050 10000.000 0.000 0.330
33 99.00 1500.00 243 466 2.050 10000.000 0.000 0.330
34 102.00 1500.00 286 457 2.050 10000.000 0.000 0.330
35 105.00 1500.00 254 451 2.050 10000.000 0.000 0.330
36 108.00 1500.00 240 436 2.050 10000.000 0.000 0.330
37 111.00 1500.00 240 352 2.050 10000.000 0.000 0.330
38 114.00 1500.00 241 328 2.050 10000.000 0.000 0.330
39 117.00 1500.00 223 236 2.050 10000.000 0.000 0.330
40 120.00 1500.00 236 269 2.050 10000.000 0.000 0.330
41 123.00 1500.00 198 169 2.050 10000.000 0.000 0.330
42 126.00 1500.00 183 194 2.050 10000.000 0.000 0.330
43 129.00 1500.00 164 186 2.050 10000.000 0.000 0.330
44 132.00 1500.00 168 189 2.050 10000.000 0.000 0.330
45 135.00 1500.00 145 212 2.050 10000.000 0.000 0.330
46 138.00 1500.00 158 239 2.050 10000.000 0.000 0.330
47 141.00 1500.00 154 229 2.050 10000.000 0.000 0.330
48 144.00 1500.00 156 222 2.050 10000.000 0.000 0.330
49 147.00 1500.00 139 230 2.050 10000.000 0.000 0.330
50 150.00 1500.00 149 236 2.050 10000.000 0.000 0.330
51 153.00 1500.00 150 215 2.050 10000.000 0.000 0.330
52 156.00 1500.00 150 204 2.050 10000.000 0.000 0.330
53 159.00 1500.00 177 228 2.050 10000.000 0.000 0.330
54 162.00 1500.00 136 177 2.050 10000.000 0.000 0.330
55 165.00 1500.00 156 183 2.050 10000.000 0.000 0.330
56 168.00 1500.00 153 189 2.050 10000.000 0.000 0.330
57 171.00 1500.00 173 191 2.050 10000.000 0.000 0.330
58 174.00 1500.00 183 273 2.050 10000.000 0.000 0.330
59 177.00 1500.00 222 324 2.050 10000.000 0.000 0.330
60 180.00 1500.00 267 355 2.050 10000.000 0.000 0.330
61 183.00 1500.00 253 391 2.050 10000.000 0.000 0.330
62 186.00 1500.00 259 427 2.050 10000.000 0.000 0.330
63 189.00 1500.00 269 458 2.050 10000.000 0.000 0.330
64 192.00 1500.00 269 531 2.050 10000.000 0.000 0.330
65 195.00 1500.00 252 494 2.050 10000.000 0.000 0.330
66 198.00 1500.00 276 507 2.050 10000.000 0.000 0.330
67 201.00 1500.00 265 491 2.050 10000.000 0.000 0.330
68 204.00 1500.00 291 463 2.050 10000.000 0.000 0.330
69 207.00 1500.00 241 445 2.050 10000.000 0.000 0.330
70 210.00 1500.00 222 383 2.050 10000.000 0.000 0.330
71 213.00 1500.00 217 310 2.050 10000.000 0.000 0.330
72 216.00 1500.00 206 311 2.050 10000.000 0.000 0.330
73 219.00 1500.00 190 222 2.050 10000.000 0.000 0.330
74 222.00 1500.00 207 224 2.050 10000.000 0.000 0.330
75 225.00 1500.00 175 183 2.050 10000.000 0.000 0.330
76 228.00 1500.00 190 182 2.050 10000.000 0.000 0.330
77 231.00 1500.00 192 169 2.050 10000.000 0.000 0.330
78 234.00 1500.00 171 226 2.050 10000.000 0.000 0.330
79 237.00 1500.00 168 200 2.050 10000.000 0.000 0.330
80 240.00 1500.00 144 256 2.050 10000.000 0.000 0.330
81 243.00 1500.00 150 218 2.050 10000.000 0.000 0.330
82 246.00 1500.00 144 221 2.050 10000.000 0.000 0.330
83 249.00 1500.00 157 206 2.050 10000.000 0.000 0.330
84 252.00 1500.00 153 230 2.050 10000.000 0.000 0.330
85 255.00 1500.00 130 222 2.050 10000.000 0.000 0.330
86 258.00 1500.00 148 217 2.050 10000.000 0.000 0.330
87 261.00 1500.00 177 194 2.050 10000.000 0.000 0.330
88 264.00 1500.00 136 189 2.050 10000.000 0.000 0.330
89 267.00 1500.00 198 208 2.050 10000.000 0.000 0.330
90 270.00 1500.00 189 213 2.050 10000.000 0.000 0.330
91 273.00 1500.00 183 242 2.050 10000.000 0.000 0.330
92 276.00 1500.00 204 261 2.050 10000.000 0.000 0.330
93 279.00 1500.00 236 340 2.050 10000.000 0.000 0.330
94 282.00 1500.00 241 357 2.050 10000.000 0.000 0.330
95 285.00 1500.00 219 372 2.050 10000.000 0.000 0.330
96 288.00 1500.00 287 471 2.050 10000.000 0.000 0.330
97 291.00 1500.00 293 501 2.050 10000.000 0.000 0.330
98 294.00 1500.00 253 504 2.050 10000.000 0.000 0.330
99 297.00 1500.00 260 494 2.050 10000.000 0.000 0.330
100 300.00 1500.00 262 527 2.050 10000.000 0.000 0.330
101 303.00 1500.00 243 440 2.050 10000.000 0.000 0.330
102 306.00 1500.00 238 423 2.050 10000.000 0.000 0.330
103 309.00 1500.00 208 405 2.050 10000.000 0.000 0.330
104 312.00 1500.00 211 348 2.050 10000.000 0.000 0.330
105 315.00 1500.00 229 330 2.050 10000.000 0.000 0.330
106 318.00 1500.00 211 282 2.050 10000.000 0.000 0.330
107 321.00 1500.00 192 207 2.050 10000.000 0.000 0.330
108 324.00 1500.00 193 181 2.050 10000.000 0.000 0.330
109 327.00 1500.00 164 166 2.050 10000.000 0.000 0.330
110 330.00 1500.00 168 176 2.050 10000.000 0.000 0.330
111 333.00 1500.00 166 171 2.050 10000.000 0.000 0.330
112 336.00 1500.00 162 210 2.050 10000.000 0.000 0.330
113 339.00 1500.00 151 226 2.050 10000.000 0.000 0.330
114 342.00 1500.00 163 217 2.050 10000.000 0.000 0.330
115 345.00 1500.00 153 241 2.050 10000.000 0.000 0.330
116 348.00 1500.00 158 223 2.050 10000.000 0.000 0.330
117 351.00 1500.00 162 235 2.050 10000.000 0.000 0.330
118 354.00 1500.00 155 188 2.050 10000.000 0.000 0.330
119 357.00 1500.00 143 202 2.050 10000.000 0.000 0.330
120 360.00 1500.00 141 188 2.050 10000.000 0.000 0.330
121 363.00 1500.00 134 190 2.050 10000.000 0.000 0.330
122 366.00 1500.00 147 197 2.050 10000.000 0.000 0.330
123 369.00 1500.00 161 212 2.050 10000.000 0.000 0.330
124 372.00 1500.00 197 200 2.050 10000.000 0.000 0.330
125 375.00 1500.00 206 297 2.050 10000.000 0.000 0.330
126 378.00 1500.00 210 306 2.050 10000.000 0.000 0.330
127 381.00 1500.00 198 333 2.050 10000.000 0.000 0.330
128 384.00 1500.00 221 426 2.050 10000.000 0.000 0.330
129 387.00 1500.00 234 444 2.050 10000.000 0.000 0.330
130 390.00 1500.00 249 463 2.050 10000.000 0.000 0.330
131 393.00 1500.00 247 540 2.050 10000.000 0.000 0.330
132 396.00 1500.00 269 512 2.050 10000.000 0.000 0.330
133 399.00 1500.00 295 481 2.050 10000.000 0.000 0.330
134 402.00 1500.00 257 465 2.050 10000.000 0.000 0.330
