# BinNR ps_pos tot-time (s)  O-Beam H-Beam AUX Amplitude(func. gen.)
-2.109375 20.0 3218 6822 34 3 3794497362 10040 0.000000 0.000000 4.500000
-1.878662 20.0 3410 6536 27 4 3794497388 9946 0.000000 0.000000 4.500000
-1.680908 20.0 3576 6697 36 5 3794497414 10273 0.000000 0.000000 4.500000
-1.483154 20.0 3619 6470 29 6 3794497440 10089 0.000000 0.000000 4.500000
-1.263428 20.0 3686 6370 28 5 3794497467 10056 0.000000 0.000000 4.500000
-1.054688 20.0 3564 6444 33 4 3794497493 10008 0.000000 0.000000 4.500000
-0.834961 20.0 3441 6559 21 5 3794497519 10000 0.000000 0.000000 4.500000
-0.637207 20.0 3193 6760 31 5 3794497546 9953 0.000000 0.000000 4.500000
-0.417480 20.0 3080 6657 25 3 3794497572 9737 0.000000 0.000000 4.500000
-0.219727 20.0 3194 6878 23 4 3794497598 10072 0.000000 0.000000 4.500000
-0.010986 20.0 3250 6798 39 2 3794497624 10048 0.000000 0.000000 4.500000
0.208740 20.0 3349 6715 23 3 3794497650 10064 0.000000 0.000000 4.500000
0.406494 20.0 3401 6630 20 4 3794497677 10031 0.000000 0.000000 4.500000
0.626221 20.0 3501 6414 32 5 3794497703 9915 0.000000 0.000000 4.500000
0.823975 20.0 3545 6365 25 8 3794497729 9910 0.000000 0.000000 4.500000
1.043701 20.0 3554 6635 29 9 3794497756 10189 0.000000 0.000000 4.500000
1.263428 20.0 3455 6669 31 3 3794497782 10124 0.000000 0.000000 4.500000
1.472168 20.0 3275 6769 33 4 3794497809 10044 0.000000 0.000000 4.500000
1.669922 20.0 3165 6995 28 4 3794497835 10160 0.000000 0.000000 4.500000
1.889648 20.0 3024 6886 24 3 3794497861 9910 0.000000 0.000000 4.500000
2.098389 20.0 3176 6966 27 5 3794497888 10142 0.000000 0.000000 4.500000
2.307129 20.0 3360 6792 25 3 3794497914 10152 0.000000 0.000000 4.500000
