# BinNR microsec tot-time (s)  O-Beam H-beam AUX Ampl(V) f(Hz) phase(deg) chi(pos)
0 0.00 1200.00 131 2931 270 2.020 2000.000 0.000 0.165
1 50.00 1200.00 133 2890 246 2.020 2000.000 0.000 0.165
2 100.00 1200.00 147 2785 226 2.020 2000.000 0.000 0.165
3 150.00 1200.00 161 2894 211 2.020 2000.000 0.000 0.165
4 200.00 1200.00 151 2731 218 2.020 2000.000 0.000 0.165
5 250.00 1200.00 152 2879 230 2.020 2000.000 0.000 0.165
6 300.00 1200.00 142 2896 289 2.020 2000.000 0.000 0.165
7 350.00 1200.00 134 3020 238 2.020 2000.000 0.000 0.165
8 400.00 1200.00 119 2891 299 2.020 2000.000 0.000 0.165
9 450.00 1200.00 140 2937 286 2.020 2000.000 0.000 0.165
10 500.00 1200.00 132 2866 269 2.020 2000.000 0.000 0.165
11 550.00 1200.00 139 2931 245 2.020 2000.000 0.000 0.165
12 600.00 1200.00 134 2758 220 2.020 2000.000 0.000 0.165
13 650.00 1200.00 136 2759 212 2.020 2000.000 0.000 0.165
14 700.00 1200.00 142 2861 220 2.020 2000.000 0.000 0.165
15 750.00 1200.00 134 2914 263 2.020 2000.000 0.000 0.165
16 800.00 1200.00 139 2921 267 2.020 2000.000 0.000 0.165
17 850.00 1200.00 132 2923 290 2.020 2000.000 0.000 0.165
18 900.00 1200.00 139 2828 308 2.020 2000.000 0.000 0.165
19 950.00 1200.00 159 2911 283 2.020 2000.000 0.000 0.165
