# BinNR microsec tot-time (s)  O-Beam H-beam AUX Ampl(V) f(Hz) phase(deg) chi(pos)
0 0.00 1200.00 277 2146 567 2.020 2000.000 0.000 -1.340
1 50.00 1200.00 277 2316 666 2.020 2000.000 0.000 -1.340
2 100.00 1200.00 290 2452 764 2.020 2000.000 0.000 -1.340
3 150.00 1200.00 253 2370 800 2.020 2000.000 0.000 -1.340
4 200.00 1200.00 259 2273 726 2.020 2000.000 0.000 -1.340
5 250.00 1200.00 288 2236 721 2.020 2000.000 0.000 -1.340
6 300.00 1200.00 304 2090 624 2.020 2000.000 0.000 -1.340
7 350.00 1200.00 326 2132 629 2.020 2000.000 0.000 -1.340
8 400.00 1200.00 328 2120 566 2.020 2000.000 0.000 -1.340
9 450.00 1200.00 296 2122 574 2.020 2000.000 0.000 -1.340
10 500.00 1200.00 285 2258 620 2.020 2000.000 0.000 -1.340
11 550.00 1200.00 267 2326 627 2.020 2000.000 0.000 -1.340
12 600.00 1200.00 270 2323 754 2.020 2000.000 0.000 -1.340
13 650.00 1200.00 291 2273 720 2.020 2000.000 0.000 -1.340
14 700.00 1200.00 297 2263 740 2.020 2000.000 0.000 -1.340
15 750.00 1200.00 289 2286 721 2.020 2000.000 0.000 -1.340
16 800.00 1200.00 298 2111 616 2.020 2000.000 0.000 -1.340
17 850.00 1200.00 296 2133 623 2.020 2000.000 0.000 -1.340
18 900.00 1200.00 314 1978 588 2.020 2000.000 0.000 -1.340
19 950.00 1200.00 322 2166 522 2.020 2000.000 0.000 -1.340
