# BinNR microsec tot-time (s)  O-Beam H-beam AUX Ampl(V) f(Hz) phase(deg) chi(pos)
0 0.00 1200.00 123 1920 356 0.850 3000.000 0.000 1.505
1 50.00 1200.00 139 2017 320 0.850 3000.000 0.000 1.505
2 100.00 1200.00 124 1955 220 0.850 3000.000 0.000 1.505
3 150.00 1200.00 107 1942 189 0.850 3000.000 0.000 1.505
4 200.00 1200.00 110 1847 200 0.850 3000.000 0.000 1.505
5 250.00 1200.00 109 1751 235 0.850 3000.000 0.000 1.505
6 300.00 1200.00 104 1887 321 0.850 3000.000 0.000 1.505
7 350.00 1200.00 149 1963 338 0.850 3000.000 0.000 1.505
8 400.00 1200.00 147 2041 271 0.850 3000.000 0.000 1.505
9 450.00 1200.00 119 1972 213 0.850 3000.000 0.000 1.505
10 500.00 1200.00 111 1784 224 0.850 3000.000 0.000 1.505
11 550.00 1200.00 83 1848 219 0.850 3000.000 0.000 1.505
12 600.00 1200.00 91 1727 287 0.850 3000.000 0.000 1.505
13 650.00 1200.00 131 1926 329 0.850 3000.000 0.000 1.505
14 700.00 1200.00 128 1988 338 0.850 3000.000 0.000 1.505
15 750.00 1200.00 111 1975 249 0.850 3000.000 0.000 1.505
16 800.00 1200.00 101 1935 186 0.850 3000.000 0.000 1.505
17 850.00 1200.00 107 1870 229 0.850 3000.000 0.000 1.505
18 900.00 1200.00 76 1791 226 0.850 3000.000 0.000 1.505
19 950.00 1200.00 91 1809 278 0.850 3000.000 0.000 1.505
