# BinNR microsec tot-time (s)  O-Beam H-beam AUX Ampl(V) f(Hz) phase(deg) chi(pos)
0 0.00 900.00 285 436 2 5.155 2000.000 0.000 1.505
1 25.00 900.00 343 544 1 5.155 2000.000 0.000 1.505
2 50.00 900.00 331 566 0 5.155 2000.000 0.000 1.505
3 75.00 900.00 300 507 2 5.155 2000.000 0.000 1.505
4 100.00 900.00 275 440 1 5.155 2000.000 0.000 1.505
5 125.00 900.00 207 354 0 5.155 2000.000 0.000 1.505
6 150.00 900.00 140 324 1 5.155 2000.000 0.000 1.505
7 175.00 900.00 152 294 2 5.155 2000.000 0.000 1.505
8 200.00 900.00 223 317 0 5.155 2000.000 0.000 1.505
9 225.00 900.00 350 321 0 5.155 2000.000 0.000 1.505
10 250.00 900.00 393 413 1 5.155 2000.000 0.000 1.505
11 275.00 900.00 381 482 0 5.155 2000.000 0.000 1.505
12 300.00 900.00 405 538 0 5.155 2000.000 0.000 1.505
13 325.00 900.00 384 553 0 5.155 2000.000 0.000 1.505
14 350.00 900.00 373 505 1 5.155 2000.000 0.000 1.505
15 375.00 900.00 260 438 0 5.155 2000.000 0.000 1.505
16 400.00 900.00 193 413 3 5.155 2000.000 0.000 1.505
17 425.00 900.00 155 339 0 5.155 2000.000 0.000 1.505
18 450.00 900.00 158 381 2 5.155 2000.000 0.000 1.505
19 475.00 900.00 231 393 0 5.155 2000.000 0.000 1.505
20 500.00 900.00 321 498 0 5.155 2000.000 0.000 1.505
21 525.00 900.00 301 554 2 5.155 2000.000 0.000 1.505
22 550.00 900.00 356 572 0 5.155 2000.000 0.000 1.505
23 575.00 900.00 339 525 0 5.155 2000.000 0.000 1.505
24 600.00 900.00 262 439 0 5.155 2000.000 0.000 1.505
25 625.00 900.00 224 351 0 5.155 2000.000 0.000 1.505
26 650.00 900.00 141 335 2 5.155 2000.000 0.000 1.505
27 675.00 900.00 150 282 0 5.155 2000.000 0.000 1.505
28 700.00 900.00 242 305 1 5.155 2000.000 0.000 1.505
29 725.00 900.00 332 346 0 5.155 2000.000 0.000 1.505
30 750.00 900.00 374 347 1 5.155 2000.000 0.000 1.505
31 775.00 900.00 409 480 0 5.155 2000.000 0.000 1.505
32 800.00 900.00 435 584 0 5.155 2000.000 0.000 1.505
33 825.00 900.00 416 585 0 5.155 2000.000 0.000 1.505
34 850.00 900.00 360 518 1 5.155 2000.000 0.000 1.505
35 875.00 900.00 276 466 1 5.155 2000.000 0.000 1.505
36 900.00 900.00 183 417 1 5.155 2000.000 0.000 1.505
37 925.00 900.00 155 378 0 5.155 2000.000 0.000 1.505
38 950.00 900.00 176 363 0 5.155 2000.000 0.000 1.505
39 975.00 900.00 257 409 0 5.155 2000.000 0.000 1.505
