# BinNR microsec tot-time (s)  O-Beam H-beam AUX Ampl(V) f(Hz) phase(deg) chi(pos)
0 0.00 900.00 391 382 0 5.155 2000.000 0.000 -0.220
1 25.00 900.00 393 476 1 5.155 2000.000 0.000 -0.220
2 50.00 900.00 450 540 1 5.155 2000.000 0.000 -0.220
3 75.00 900.00 424 589 2 5.155 2000.000 0.000 -0.220
4 100.00 900.00 403 560 1 5.155 2000.000 0.000 -0.220
5 125.00 900.00 280 466 1 5.155 2000.000 0.000 -0.220
6 150.00 900.00 223 444 0 5.155 2000.000 0.000 -0.220
7 175.00 900.00 157 423 0 5.155 2000.000 0.000 -0.220
8 200.00 900.00 159 388 2 5.155 2000.000 0.000 -0.220
9 225.00 900.00 209 468 0 5.155 2000.000 0.000 -0.220
10 250.00 900.00 264 547 2 5.155 2000.000 0.000 -0.220
11 275.00 900.00 317 592 0 5.155 2000.000 0.000 -0.220
12 300.00 900.00 307 594 1 5.155 2000.000 0.000 -0.220
13 325.00 900.00 315 514 1 5.155 2000.000 0.000 -0.220
14 350.00 900.00 218 388 2 5.155 2000.000 0.000 -0.220
15 375.00 900.00 193 330 0 5.155 2000.000 0.000 -0.220
16 400.00 900.00 158 330 0 5.155 2000.000 0.000 -0.220
17 425.00 900.00 177 292 0 5.155 2000.000 0.000 -0.220
18 450.00 900.00 264 316 1 5.155 2000.000 0.000 -0.220
19 475.00 900.00 346 325 4 5.155 2000.000 0.000 -0.220
20 500.00 900.00 413 366 1 5.155 2000.000 0.000 -0.220
21 525.00 900.00 396 469 0 5.155 2000.000 0.000 -0.220
22 550.00 900.00 396 536 1 5.155 2000.000 0.000 -0.220
23 575.00 900.00 364 577 2 5.155 2000.000 0.000 -0.220
24 600.00 900.00 401 549 1 5.155 2000.000 0.000 -0.220
25 625.00 900.00 294 525 0 5.155 2000.000 0.000 -0.220
26 650.00 900.00 222 432 1 5.155 2000.000 0.000 -0.220
27 675.00 900.00 170 410 0 5.155 2000.000 0.000 -0.220
28 700.00 900.00 149 415 0 5.155 2000.000 0.000 -0.220
29 725.00 900.00 215 440 0 5.155 2000.000 0.000 -0.220
30 750.00 900.00 299 511 1 5.155 2000.000 0.000 -0.220
31 775.00 900.00 329 599 0 5.155 2000.000 0.000 -0.220
32 800.00 900.00 326 534 3 5.155 2000.000 0.000 -0.220
33 825.00 900.00 306 511 1 5.155 2000.000 0.000 -0.220
34 850.00 900.00 272 404 2 5.155 2000.000 0.000 -0.220
35 875.00 900.00 181 352 1 5.155 2000.000 0.000 -0.220
36 900.00 900.00 159 301 1 5.155 2000.000 0.000 -0.220
37 925.00 900.00 172 306 0 5.155 2000.000 0.000 -0.220
38 950.00 900.00 288 257 1 5.155 2000.000 0.000 -0.220
39 975.00 900.00 333 328 1 5.155 2000.000 0.000 -0.220
