# BinNR microsec tot-time (s)  O-Beam H-beam AUX Ampl(V) f(Hz) phase(deg) chi(pos)
0 0.00 1200.00 250 858 516 1.735 2000.000 0.000 -0.945
1 25.00 1200.00 206 725 551 1.735 2000.000 0.000 -0.945
2 50.00 1200.00 213 650 645 1.735 2000.000 0.000 -0.945
3 75.00 1200.00 247 641 534 1.735 2000.000 0.000 -0.945
4 100.00 1200.00 232 564 617 1.735 2000.000 0.000 -0.945
5 125.00 1200.00 247 630 590 1.735 2000.000 0.000 -0.945
6 150.00 1200.00 276 600 591 1.735 2000.000 0.000 -0.945
7 175.00 1200.00 315 630 554 1.735 2000.000 0.000 -0.945
8 200.00 1200.00 308 645 631 1.735 2000.000 0.000 -0.945
9 225.00 1200.00 330 630 622 1.735 2000.000 0.000 -0.945
10 250.00 1200.00 327 644 585 1.735 2000.000 0.000 -0.945
11 275.00 1200.00 322 611 538 1.735 2000.000 0.000 -0.945
12 300.00 1200.00 314 665 563 1.735 2000.000 0.000 -0.945
13 325.00 1200.00 311 679 504 1.735 2000.000 0.000 -0.945
14 350.00 1200.00 319 786 522 1.735 2000.000 0.000 -0.945
15 375.00 1200.00 300 864 463 1.735 2000.000 0.000 -0.945
16 400.00 1200.00 277 867 485 1.735 2000.000 0.000 -0.945
17 425.00 1200.00 272 851 405 1.735 2000.000 0.000 -0.945
18 450.00 1200.00 298 933 413 1.735 2000.000 0.000 -0.945
19 475.00 1200.00 272 844 502 1.735 2000.000 0.000 -0.945
20 500.00 1200.00 245 846 535 1.735 2000.000 0.000 -0.945
21 525.00 1200.00 216 732 530 1.735 2000.000 0.000 -0.945
22 550.00 1200.00 234 702 550 1.735 2000.000 0.000 -0.945
23 575.00 1200.00 239 637 606 1.735 2000.000 0.000 -0.945
24 600.00 1200.00 219 582 594 1.735 2000.000 0.000 -0.945
25 625.00 1200.00 255 635 630 1.735 2000.000 0.000 -0.945
26 650.00 1200.00 270 678 569 1.735 2000.000 0.000 -0.945
27 675.00 1200.00 296 712 584 1.735 2000.000 0.000 -0.945
28 700.00 1200.00 318 648 595 1.735 2000.000 0.000 -0.945
29 725.00 1200.00 310 649 612 1.735 2000.000 0.000 -0.945
30 750.00 1200.00 264 636 553 1.735 2000.000 0.000 -0.945
31 775.00 1200.00 296 651 612 1.735 2000.000 0.000 -0.945
32 800.00 1200.00 311 643 555 1.735 2000.000 0.000 -0.945
33 825.00 1200.00 302 667 549 1.735 2000.000 0.000 -0.945
34 850.00 1200.00 322 767 497 1.735 2000.000 0.000 -0.945
35 875.00 1200.00 307 815 476 1.735 2000.000 0.000 -0.945
36 900.00 1200.00 282 854 457 1.735 2000.000 0.000 -0.945
37 925.00 1200.00 292 859 433 1.735 2000.000 0.000 -0.945
38 950.00 1200.00 305 879 458 1.735 2000.000 0.000 -0.945
39 975.00 1200.00 260 857 511 1.735 2000.000 0.000 -0.945
