# BinNR ps_pos tot-time (s)  O-Beam H-Beam AUX Amplitude(func. gen.)
0.930750 5.0 6 181 1 14 3794631655 187 0.000000 0.000000 2.750000
0.930790 5.0 2 200 3 15 3794631667 202 0.000000 0.000000 2.750000
0.930860 5.0 9 245 2 20 3794631677 254 0.000000 0.000000 2.750000
0.930900 5.0 8 289 2 21 3794631688 297 0.000000 0.000000 2.750000
0.930960 5.0 21 325 0 36 3794631699 346 0.000000 0.000000 2.750000
0.931000 5.0 21 364 0 34 3794631710 385 0.000000 0.000000 2.750000
0.931040 5.0 43 465 0 63 3794631721 508 0.000000 0.000000 2.750000
0.931090 5.0 96 590 1 119 3794631732 686 0.000000 0.000000 2.750000
0.931160 5.0 101 668 2 157 3794631743 769 0.000000 0.000000 2.750000
0.931200 5.0 160 806 0 283 3794631753 966 0.000000 0.000000 2.750000
0.931240 5.0 240 961 1 384 3794631765 1201 0.000000 0.000000 2.750000
0.931320 5.0 285 1344 5 512 3794631775 1629 0.000000 0.000000 2.750000
0.931350 5.0 344 1385 0 566 3794631786 1729 0.000000 0.000000 2.750000
0.931410 5.0 367 1534 1 669 3794631797 1901 0.000000 0.000000 2.750000
0.931450 5.0 351 1556 1 699 3794631808 1907 0.000000 0.000000 2.750000
0.931500 5.0 367 1478 5 599 3794631818 1845 0.000000 0.000000 2.750000
0.931550 5.0 301 1404 0 550 3794631829 1705 0.000000 0.000000 2.750000
0.931610 5.0 251 1043 0 466 3794631840 1294 0.000000 0.000000 2.750000
0.931640 5.0 187 923 0 371 3794631851 1110 0.000000 0.000000 2.750000
0.931700 5.0 106 701 0 222 3794631862 807 0.000000 0.000000 2.750000
0.931750 5.0 103 638 0 191 3794631873 741 0.000000 0.000000 2.750000
0.931800 5.0 70 591 1 120 3794631884 661 0.000000 0.000000 2.750000
0.931850 5.0 54 573 1 64 3794631895 627 0.000000 0.000000 2.750000
0.931910 5.0 45 523 0 46 3794631905 568 0.000000 0.000000 2.750000
0.931950 5.0 15 405 1 23 3794631917 420 0.000000 0.000000 2.750000
0.932020 5.0 7 382 0 19 3794631927 389 0.000000 0.000000 2.750000
0.932060 5.0 7 352 3 17 3794631938 359 0.000000 0.000000 2.750000
0.932100 5.0 7 357 2 19 3794631949 364 0.000000 0.000000 2.750000
0.932160 5.0 14 342 0 18 3794631960 356 0.000000 0.000000 2.750000
0.932210 5.0 14 418 1 36 3794631970 432 0.000000 0.000000 2.750000
0.932250 5.0 23 394 1 24 3794631981 417 0.000000 0.000000 2.750000
0.932300 5.0 18 422 1 34 3794631992 440 0.000000 0.000000 2.750000
0.932360 5.0 15 362 2 35 3794632003 377 0.000000 0.000000 2.750000
0.932390 5.0 24 381 0 33 3794632014 405 0.000000 0.000000 2.750000
0.932450 5.0 32 477 1 43 3794632025 509 0.000000 0.000000 2.750000
0.932500 5.0 36 583 2 66 3794632036 619 0.000000 0.000000 2.750000
0.932550 5.0 55 616 0 102 3794632046 671 0.000000 0.000000 2.750000
0.932600 5.0 112 656 0 195 3794632057 768 0.000000 0.000000 2.750000
0.932660 5.0 161 814 1 290 3794632068 975 0.000000 0.000000 2.750000
0.932700 5.0 201 993 0 385 3794632079 1194 0.000000 0.000000 2.750000
0.932750 5.0 287 1410 1 534 3794632089 1697 0.000000 0.000000 2.750000
0.932810 5.0 323 1430 0 632 3794632100 1753 0.000000 0.000000 2.750000
0.932850 5.0 339 1550 1 694 3794632111 1889 0.000000 0.000000 2.750000
0.932910 5.0 410 1600 2 692 3794632122 2010 0.000000 0.000000 2.750000
0.932960 5.0 355 1472 1 681 3794632133 1827 0.000000 0.000000 2.750000
0.933000 5.0 333 1386 1 572 3794632144 1719 0.000000 0.000000 2.750000
0.933060 5.0 217 1113 3 465 3794632154 1330 0.000000 0.000000 2.750000
0.933100 5.0 229 839 0 337 3794632165 1068 0.000000 0.000000 2.750000
0.933150 5.0 162 695 2 228 3794632176 857 0.000000 0.000000 2.750000
0.933200 5.0 93 556 0 154 3794632187 649 0.000000 0.000000 2.750000
0.933250 5.0 52 483 1 94 3794632197 535 0.000000 0.000000 2.750000
0.933300 5.0 36 417 0 49 3794632208 453 0.000000 0.000000 2.750000
0.933360 5.0 19 361 0 32 3794632219 380 0.000000 0.000000 2.750000
0.933400 5.0 13 290 0 27 3794632230 303 0.000000 0.000000 2.750000
0.933450 5.0 5 294 0 16 3794632240 299 0.000000 0.000000 2.750000
0.933510 5.0 10 226 1 16 3794632251 236 0.000000 0.000000 2.750000
0.933550 5.0 5 200 1 8 3794632262 205 0.000000 0.000000 2.750000
0.933600 5.0 4 166 0 12 3794632273 170 0.000000 0.000000 2.750000
0.933650 5.0 3 139 1 3 3794632284 142 0.000000 0.000000 2.750000
0.933710 5.0 6 156 1 9 3794632295 162 0.000000 0.000000 2.750000
