# BinNR ps_pos tot-time (s)  O-Beam H-Beam AUX Amplitude(func. gen.)
0.930770 5.0 8 199 1 16 3794621722 207 0.000000 0.000000 0.750000
0.930800 5.0 9 219 0 16 3794621733 228 0.000000 0.000000 0.750000
0.930850 5.0 6 242 1 17 3794621744 248 0.000000 0.000000 0.750000
0.930910 5.0 17 301 0 24 3794621754 318 0.000000 0.000000 0.750000
0.930950 5.0 23 313 0 32 3794621765 336 0.000000 0.000000 0.750000
0.931000 5.0 44 366 0 52 3794621776 410 0.000000 0.000000 0.750000
0.931050 5.0 48 438 0 67 3794621787 486 0.000000 0.000000 0.750000
0.931110 5.0 96 567 1 123 3794621797 663 0.000000 0.000000 0.750000
0.931150 5.0 107 686 1 166 3794621809 793 0.000000 0.000000 0.750000
0.931210 5.0 132 969 2 224 3794621820 1101 0.000000 0.000000 0.750000
0.931260 5.0 195 1194 0 292 3794621831 1389 0.000000 0.000000 0.750000
0.931310 5.0 158 1573 0 284 3794621842 1731 0.000000 0.000000 0.750000
0.931360 5.0 146 2101 1 244 3794621852 2247 0.000000 0.000000 0.750000
0.931400 5.0 155 2228 2 269 3794621863 2383 0.000000 0.000000 0.750000
0.931460 5.0 159 2183 1 289 3794621874 2342 0.000000 0.000000 0.750000
0.931500 5.0 136 1963 0 236 3794621885 2099 0.000000 0.000000 0.750000
0.931550 5.0 112 1930 1 178 3794621896 2042 0.000000 0.000000 0.750000
0.931610 5.0 129 1423 0 221 3794621907 1552 0.000000 0.000000 0.750000
0.931650 5.0 81 1283 2 129 3794621918 1364 0.000000 0.000000 0.750000
0.931710 5.0 63 916 1 93 3794621929 979 0.000000 0.000000 0.750000
0.931760 5.0 51 783 0 80 3794621940 834 0.000000 0.000000 0.750000
0.931810 5.0 59 638 0 59 3794621950 697 0.000000 0.000000 0.750000
0.931860 5.0 57 622 0 66 3794621961 679 0.000000 0.000000 0.750000
0.931900 5.0 28 488 0 53 3794621972 516 0.000000 0.000000 0.750000
0.931950 5.0 22 400 0 36 3794621983 422 0.000000 0.000000 0.750000
0.932010 5.0 6 355 1 25 3794621994 361 0.000000 0.000000 0.750000
0.932070 5.0 8 358 0 20 3794622004 366 0.000000 0.000000 0.750000
0.932100 5.0 9 341 0 25 3794622015 350 0.000000 0.000000 0.750000
0.932150 5.0 23 317 1 22 3794622026 340 0.000000 0.000000 0.750000
0.932210 5.0 19 429 0 44 3794622037 448 0.000000 0.000000 0.750000
0.932260 5.0 18 401 1 28 3794622048 419 0.000000 0.000000 0.750000
0.932320 5.0 31 382 0 21 3794622059 413 0.000000 0.000000 0.750000
0.932350 5.0 20 397 0 29 3794622070 417 0.000000 0.000000 0.750000
0.932400 5.0 20 369 2 42 3794622081 389 0.000000 0.000000 0.750000
0.932450 5.0 34 431 1 49 3794622091 465 0.000000 0.000000 0.750000
0.932500 5.0 55 493 2 83 3794622102 548 0.000000 0.000000 0.750000
0.932560 5.0 76 584 1 118 3794622113 660 0.000000 0.000000 0.750000
0.932610 5.0 95 708 2 129 3794622124 803 0.000000 0.000000 0.750000
0.932650 5.0 123 814 2 198 3794622134 937 0.000000 0.000000 0.750000
0.932700 5.0 126 1154 1 184 3794622146 1280 0.000000 0.000000 0.750000
0.932750 5.0 141 1607 0 241 3794622156 1748 0.000000 0.000000 0.750000
0.932810 5.0 136 2003 2 232 3794622167 2139 0.000000 0.000000 0.750000
0.932860 5.0 154 2124 0 315 3794622178 2278 0.000000 0.000000 0.750000
0.932910 5.0 140 2235 1 264 3794622189 2375 0.000000 0.000000 0.750000
0.932950 5.0 134 2123 0 218 3794622199 2257 0.000000 0.000000 0.750000
0.933000 5.0 126 1927 0 219 3794622210 2053 0.000000 0.000000 0.750000
0.933050 5.0 78 1578 1 202 3794622221 1656 0.000000 0.000000 0.750000
0.933100 5.0 107 1243 2 135 3794622232 1350 0.000000 0.000000 0.750000
0.933160 5.0 65 876 1 90 3794622243 941 0.000000 0.000000 0.750000
0.933210 5.0 54 667 2 67 3794622254 721 0.000000 0.000000 0.750000
0.933250 5.0 57 535 0 46 3794622264 592 0.000000 0.000000 0.750000
0.933310 5.0 33 429 2 59 3794622275 462 0.000000 0.000000 0.750000
0.933360 5.0 21 352 0 24 3794622286 373 0.000000 0.000000 0.750000
0.933400 5.0 19 321 0 34 3794622297 340 0.000000 0.000000 0.750000
0.933450 5.0 15 248 1 19 3794622307 263 0.000000 0.000000 0.750000
0.933500 5.0 12 243 0 24 3794622319 255 0.000000 0.000000 0.750000
0.933550 5.0 4 182 2 14 3794622330 186 0.000000 0.000000 0.750000
0.933610 5.0 5 156 2 11 3794622341 161 0.000000 0.000000 0.750000
0.933660 5.0 5 179 0 9 3794622352 184 0.000000 0.000000 0.750000
0.933690 5.0 4 154 0 10 3794622363 158 0.000000 0.000000 0.750000
