# BinNR ps_pos tot-time (s)  O-Beam H-Beam AUX Amplitude(func. gen.)
0.930750 5.0 7 205 1 12 3794636637 212 0.000000 0.000000 3.750000
0.930800 5.0 8 204 1 15 3794636648 212 0.000000 0.000000 3.750000
0.930870 5.0 11 226 1 15 3794636659 237 0.000000 0.000000 3.750000
0.930900 5.0 7 270 2 11 3794636669 277 0.000000 0.000000 3.750000
0.930970 5.0 23 326 1 20 3794636680 349 0.000000 0.000000 3.750000
0.931000 5.0 14 384 2 30 3794636691 398 0.000000 0.000000 3.750000
0.931050 5.0 50 490 0 61 3794636703 540 0.000000 0.000000 3.750000
0.931110 5.0 89 571 2 119 3794636714 660 0.000000 0.000000 3.750000
0.931160 5.0 105 685 2 192 3794636725 790 0.000000 0.000000 3.750000
0.931210 5.0 186 816 2 305 3794636736 1002 0.000000 0.000000 3.750000
0.931250 5.0 226 983 1 388 3794636746 1209 0.000000 0.000000 3.750000
0.931300 5.0 283 1210 1 518 3794636757 1493 0.000000 0.000000 3.750000
0.931350 5.0 333 1402 2 618 3794636768 1735 0.000000 0.000000 3.750000
0.931420 5.0 364 1507 1 737 3794636779 1871 0.000000 0.000000 3.750000
0.931450 5.0 368 1504 0 732 3794636790 1872 0.000000 0.000000 3.750000
0.931500 5.0 372 1362 0 691 3794636801 1734 0.000000 0.000000 3.750000
0.931560 5.0 286 1248 2 635 3794636812 1534 0.000000 0.000000 3.750000
0.931600 5.0 281 1112 1 483 3794636823 1393 0.000000 0.000000 3.750000
0.931650 5.0 207 832 0 385 3794636834 1039 0.000000 0.000000 3.750000
0.931690 5.0 157 682 1 245 3794636845 839 0.000000 0.000000 3.750000
0.931750 5.0 93 624 2 157 3794636856 717 0.000000 0.000000 3.750000
0.931800 5.0 72 538 2 125 3794636867 610 0.000000 0.000000 3.750000
0.931860 5.0 51 594 1 80 3794636877 645 0.000000 0.000000 3.750000
0.931900 5.0 39 502 1 48 3794636888 541 0.000000 0.000000 3.750000
0.931950 5.0 14 382 1 29 3794636899 396 0.000000 0.000000 3.750000
0.932010 5.0 12 352 0 21 3794636910 364 0.000000 0.000000 3.750000
0.932050 5.0 9 369 1 16 3794636921 378 0.000000 0.000000 3.750000
0.932110 5.0 7 335 1 19 3794636932 342 0.000000 0.000000 3.750000
0.932160 5.0 17 347 0 32 3794636943 364 0.000000 0.000000 3.750000
0.932200 5.0 21 405 1 42 3794636953 426 0.000000 0.000000 3.750000
0.932260 5.0 29 428 1 43 3794636964 457 0.000000 0.000000 3.750000
0.932290 5.0 19 363 0 26 3794636975 382 0.000000 0.000000 3.750000
0.932360 5.0 12 428 1 26 3794636986 440 0.000000 0.000000 3.750000
0.932400 5.0 12 389 1 31 3794636998 401 0.000000 0.000000 3.750000
0.932460 5.0 24 460 2 42 3794637008 484 0.000000 0.000000 3.750000
0.932500 5.0 33 529 2 66 3794637019 562 0.000000 0.000000 3.750000
0.932560 5.0 67 564 1 102 3794637030 631 0.000000 0.000000 3.750000
0.932600 5.0 88 662 0 144 3794637041 750 0.000000 0.000000 3.750000
0.932650 5.0 146 772 3 263 3794637052 918 0.000000 0.000000 3.750000
0.932700 5.0 217 970 0 416 3794637063 1187 0.000000 0.000000 3.750000
0.932740 5.0 248 1271 0 500 3794637074 1519 0.000000 0.000000 3.750000
0.932800 5.0 345 1485 2 607 3794637084 1830 0.000000 0.000000 3.750000
0.932860 5.0 339 1521 1 667 3794637095 1860 0.000000 0.000000 3.750000
0.932910 5.0 413 1438 0 744 3794637106 1851 0.000000 0.000000 3.750000
0.932960 5.0 389 1529 0 694 3794637117 1918 0.000000 0.000000 3.750000
0.933000 5.0 329 1288 1 606 3794637128 1617 0.000000 0.000000 3.750000
0.933050 5.0 262 1093 0 546 3794637138 1355 0.000000 0.000000 3.750000
0.933100 5.0 247 839 1 364 3794637149 1086 0.000000 0.000000 3.750000
0.933150 5.0 141 674 2 242 3794637160 815 0.000000 0.000000 3.750000
0.933210 5.0 95 574 2 154 3794637171 669 0.000000 0.000000 3.750000
0.933250 5.0 54 468 0 79 3794637182 522 0.000000 0.000000 3.750000
0.933300 5.0 34 422 0 53 3794637193 456 0.000000 0.000000 3.750000
0.933350 5.0 33 355 1 39 3794637204 388 0.000000 0.000000 3.750000
0.933400 5.0 16 298 1 32 3794637215 314 0.000000 0.000000 3.750000
0.933450 5.0 14 262 0 25 3794637226 276 0.000000 0.000000 3.750000
0.933500 5.0 9 240 2 23 3794637237 249 0.000000 0.000000 3.750000
0.933550 5.0 5 193 1 13 3794637247 198 0.000000 0.000000 3.750000
0.933600 5.0 1 154 0 10 3794637258 155 0.000000 0.000000 3.750000
0.933650 5.0 0 169 0 7 3794637269 169 0.000000 0.000000 3.750000
0.933710 5.0 2 148 0 10 3794637280 150 0.000000 0.000000 3.750000
