* begin:	29/09/2025 08:41:30
* script file:	D:\data\Cycle 198\exp_3-16-19\rawdata\sc\Aperture_scan_ifg1_B3_3p40s.cfg
*
[STANDARD]
		
[Aperture_scan_ifg1_B3_3p40s]
	created 28/09/2025   21:50
[CALL]
	Move_aparture_Z10.sc
[CALL]
	Move_aparture_Y15.sc
[CALL]
	ifg1_3p40s_B3_ap.sc
[CALL]
	Move_aparture_Y18.sc
[CALL]
	ifg1_3p40s_B3_ap.sc
[CALL]
	Move_aparture_Y20.sc
[CALL]
	ifg1_3p40s_B3_ap.sc
[CALL]
	Move_aparture_Y22.sc
[CALL]
	ifg1_3p40s_B3_ap.sc
[CALL]
	Move_aparture_Z13p5.sc
[CALL]
	Move_aparture_Y15.sc
[CALL]
	ifg1_3p40s_B3_ap.sc
[CALL]
	Move_aparture_Y18.sc
[CALL]
	ifg1_3p40s_B3_ap.sc
[CALL]
	rocking.sc
[CALL]
	Move_aparture_Y20.sc
[CALL]
	ifg1_3p40s_B3_ap.sc
[CALL]
	Move_aparture_Y22.sc
[CALL]
	ifg1_3p40s_B3_ap.sc
[CALL]
	Move_aparture_Z17.sc
[CALL]
	Move_aparture_Y15.sc
[CALL]
	ifg1_3p40s_B3_ap.sc
[CALL]
	Move_aparture_Y18.sc
[CALL]
	ifg1_3p40s_B3_ap.sc
[CALL]
	Move_aparture_Y20.sc
[CALL]
	ifg1_3p40s_B3_ap.sc
[CALL]
	Move_aparture_Y22.sc
[CALL]
	ifg1_3p40s_B3_ap.sc
[END]

* remarks:	room to enter remarks
*
1	-3.0102539	40.0	472	514	91118	4827	3841972934	986	0.0000000	0.0000000
2	-2.8015137	40.0	434	453	91054	4929	3841972978	887	0.0000000	0.0000000
3	-2.6147461	40.0	428	409	91197	4880	3841973021	837	0.0000000	0.0000000
4	-2.3950195	40.0	376	457	91449	4941	3841973064	833	0.0000000	0.0000000
5	-2.2082520	40.0	482	482	90836	4812	3841973108	964	0.0000000	0.0000000
6	-2.0104980	40.0	435	474	91270	4948	3841973151	909	0.0000000	0.0000000
7	-1.8017578	40.0	487	510	90859	4814	3841973195	997	0.0000000	0.0000000
8	-1.6040039	40.0	402	486	91110	5006	3841973238	888	0.0000000	0.0000000
9	-1.4062500	40.0	423	516	91446	4822	3841973281	939	0.0000000	0.0000000
10	-1.1975098	40.0	442	492	91050	4889	3841973325	934	0.0000000	0.0000000
11	-1.0107422	40.0	496	491	91398	4806	3841973368	987	0.0000000	0.0000000
12	-0.8129883	40.0	419	479	91491	4898	3841973412	898	0.0000000	0.0000000
13	-0.6042480	40.0	438	451	90891	4801	3841973455	889	0.0000000	0.0000000
14	-0.3955078	40.0	477	480	91343	4810	3841973498	957	0.0000000	0.0000000
15	-0.2087402	40.0	442	454	91494	4762	3841973542	896	0.0000000	0.0000000
16	0.0109863	40.0	382	405	91046	5004	3841973585	787	0.0000000	0.0000000
17	0.1867676	40.0	457	460	91390	5026	3841973628	917	0.0000000	0.0000000
18	0.3955078	40.0	482	483	91425	4874	3841973672	965	0.0000000	0.0000000
19	0.5932617	40.0	485	519	91024	4863	3841973715	1004	0.0000000	0.0000000
20	0.7910156	40.0	476	482	91148	4995	3841973758	958	0.0000000	0.0000000
21	0.9997559	40.0	464	494	90506	4845	3841973802	958	0.0000000	0.0000000
22	1.1975098	40.0	456	435	91270	5014	3841973845	891	0.0000000	0.0000000
23	1.3842773	40.0	483	474	91500	4812	3841973889	957	0.0000000	0.0000000
24	1.6040039	40.0	472	508	91347	4889	3841973932	980	0.0000000	0.0000000
25	1.8017578	40.0	457	451	90991	4886	3841973975	908	0.0000000	0.0000000
26	1.9885254	40.0	482	457	91530	4891	3841974019	939	0.0000000	0.0000000
27	2.1972656	40.0	516	526	90813	4878	3841974062	1042	0.0000000	0.0000000
28	2.3950195	40.0	417	511	91358	5051	3841974106	928	0.0000000	0.0000000
29	2.6037598	40.0	381	447	90946	4811	3841974149	828	0.0000000	0.0000000
30	2.7905273	40.0	440	419	91274	4885	3841974192	859	0.0000000	0.0000000
31	2.9992676	40.0	440	419	91632	5054	3841974236	859	0.0000000	0.0000000
* end: 29/09/2025 09:03:56
