* begin:	29/09/2025 00:12:11
* script file:	D:\data\Cycle 198\exp_3-16-19\rawdata\sc\Aperture_scan_ifg2_B1_3p40s.cfg
*
[STANDARD]
		
[Aperture_scan_ifg2_B1_3p40s]
	created 28/09/2025   21:48
[CALL]
	Move_aparture_Z10.sc
[CALL]
	Move_aparture_Y15.sc
[CALL]
	ifg2_3p40s_B1_ap.sc
[CALL]
	Move_aparture_Y18.sc
[CALL]
	ifg2_3p40s_B1_ap.sc
[CALL]
	Move_aparture_Y20.sc
[CALL]
	ifg2_3p40s_B1_ap.sc
[CALL]
	Move_aparture_Y22.sc
[CALL]
	ifg2_3p40s_B1_ap.sc
[CALL]
	Move_aparture_Z13p5.sc
[CALL]
	Move_aparture_Y15.sc
[CALL]
	ifg2_3p40s_B1_ap.sc
[CALL]
	Move_aparture_Y18.sc
[CALL]
	ifg2_3p40s_B1_ap.sc
[CALL]
	rocking.sc
[CALL]
	Move_aparture_Y20.sc
[CALL]
	ifg2_3p40s_B1_ap.sc
[CALL]
	Move_aparture_Y22.sc
[CALL]
	ifg2_3p40s_B1_ap.sc
[CALL]
	Move_aparture_Z17.sc
[CALL]
	Move_aparture_Y15.sc
[CALL]
	ifg2_3p40s_B1_ap.sc
[CALL]
	Move_aparture_Y18.sc
[CALL]
	ifg2_3p40s_B1_ap.sc
[CALL]
	Move_aparture_Y20.sc
[CALL]
	ifg2_3p40s_B1_ap.sc
[CALL]
	Move_aparture_Y22.sc
[CALL]
	ifg2_3p40s_B1_ap.sc
[END]

* remarks:	room to enter remarks
*
1	-2.9992676	40.0	1771	888	90866	1651	3841942376	2659	0.0000000	0.0000000
2	-2.8015137	40.0	1434	1320	91194	1544	3841942419	2754	0.0000000	0.0000000
3	-2.6147461	40.0	1001	1656	91303	1687	3841942462	2657	0.0000000	0.0000000
4	-2.4060059	40.0	524	2069	90738	1666	3841942505	2593	0.0000000	0.0000000
5	-2.1972656	40.0	303	2252	91311	1635	3841942549	2555	0.0000000	0.0000000
6	-1.9995117	40.0	405	2156	90848	1654	3841942592	2561	0.0000000	0.0000000
7	-1.8017578	40.0	723	1909	91342	1593	3841942635	2632	0.0000000	0.0000000
8	-1.6259766	40.0	1201	1532	90957	1615	3841942679	2733	0.0000000	0.0000000
9	-1.4062500	40.0	1525	1262	91392	1613	3841942722	2787	0.0000000	0.0000000
10	-1.1975098	40.0	1845	874	91141	1671	3841942765	2719	0.0000000	0.0000000
11	-0.9997559	40.0	1647	993	91142	1606	3841942809	2640	0.0000000	0.0000000
12	-0.8020020	40.0	1418	1321	91825	1588	3841942852	2739	0.0000000	0.0000000
13	-0.6042480	40.0	1012	1594	91233	1632	3841942896	2606	0.0000000	0.0000000
14	-0.3845215	40.0	618	1970	91488	1610	3841942939	2588	0.0000000	0.0000000
15	-0.1867676	40.0	378	2153	91774	1717	3841942982	2531	0.0000000	0.0000000
16	0.0000000	40.0	271	2213	91501	1544	3841943026	2484	0.0000000	0.0000000
17	0.1757812	40.0	509	2042	90991	1622	3841943069	2551	0.0000000	0.0000000
18	0.3955078	40.0	952	1558	91612	1604	3841943112	2510	0.0000000	0.0000000
19	0.6042480	40.0	1448	1168	90870	1638	3841943156	2616	0.0000000	0.0000000
20	0.8020020	40.0	1651	1013	90990	1664	3841943199	2664	0.0000000	0.0000000
21	1.0107422	40.0	1729	923	90824	1692	3841943242	2652	0.0000000	0.0000000
22	1.1865234	40.0	1529	1246	90509	1647	3841943286	2775	0.0000000	0.0000000
23	1.3952637	40.0	1282	1444	91250	1669	3841943329	2726	0.0000000	0.0000000
24	1.5930176	40.0	732	1801	91021	1571	3841943373	2533	0.0000000	0.0000000
25	1.8017578	40.0	409	2192	90756	1644	3841943416	2601	0.0000000	0.0000000
26	1.9995117	40.0	278	2237	90937	1621	3841943459	2515	0.0000000	0.0000000
27	2.1862793	40.0	420	2201	91164	1560	3841943503	2621	0.0000000	0.0000000
28	2.3950195	40.0	862	1707	91102	1617	3841943546	2569	0.0000000	0.0000000
29	2.6037598	40.0	1386	1381	91727	1583	3841943589	2767	0.0000000	0.0000000
30	2.7905273	40.0	1629	1041	90978	1598	3841943633	2670	0.0000000	0.0000000
31	2.9992676	40.0	1872	975	91216	1701	3841943676	2847	0.0000000	0.0000000
* end: 29/09/2025 00:34:37
