* begin:	30/09/2025 04:56:29
* script file:	D:\data\Cycle 198\exp_3-16-19\rawdata\sc\Aperture_scan_ifg2_newPS_B2_2p50s.cfg
*
[STANDARD]
		
[Aperture_scan_ifg2_newPS_B2_2p50s]
	created 29/09/2025   22:27
[MOTOR]
	S18.axis2.Aperture Z	1	mm	absolute	7.00000				
[MOTOR]
	S18.axis2.Aperture Y	1	mm	absolute	18.00000				
[CALL]
	ifg2_newPS_2p50s_B2_ap.sc
[MOTOR]
	S18.axis2.Aperture Y	1	mm	absolute	20.00000				
[CALL]
	ifg2_newPS_2p50s_B2_ap.sc
[MOTOR]
	S18.axis2.Aperture Z	1	mm	absolute	10.00000				
[MOTOR]
	S18.axis2.Aperture Y	1	mm	absolute	18.00000				
[CALL]
	ifg2_newPS_2p50s_B2_ap.sc
[CALL]
	rocking.sc
[MOTOR]
	S18.axis2.Aperture Y	1	mm	absolute	20.00000				
[CALL]
	ifg2_newPS_2p50s_B2_ap.sc
[MOTOR]
	S18.axis2.Aperture Z	1	mm	absolute	13.00000				
[MOTOR]
	S18.axis2.Aperture Y	1	mm	absolute	18.00000				
[CALL]
	ifg2_newPS_2p50s_B2_ap.sc
[MOTOR]
	S18.axis2.Aperture Y	1	mm	absolute	20.00000				
[CALL]
	ifg2_newPS_2p50s_B2_ap.sc
[END]

* remarks:	room to enter remarks
*
1	-2.9992676	50.0	11	109	114002	37	3842045844	120	0.0000000	0.0000000
2	-2.9003906	50.0	8	110	114494	33	3842045897	118	0.0000000	0.0000000
3	-2.7905273	50.0	3	104	114034	24	3842045951	107	0.0000000	0.0000000
4	-2.7136230	50.0	9	89	114483	33	3842046004	98	0.0000000	0.0000000
5	-2.6037598	50.0	2	133	113978	33	3842046057	135	0.0000000	0.0000000
6	-2.5048828	50.0	5	120	114332	28	3842046110	125	0.0000000	0.0000000
7	-2.4060059	50.0	3	123	113923	29	3842046163	126	0.0000000	0.0000000
8	-2.2961426	50.0	8	116	114730	27	3842046217	124	0.0000000	0.0000000
9	-2.1972656	50.0	8	107	115081	35	3842046270	115	0.0000000	0.0000000
10	-2.1093750	50.0	12	124	114297	32	3842046323	136	0.0000000	0.0000000
11	-1.9995117	50.0	10	113	114178	26	3842046376	123	0.0000000	0.0000000
12	-1.9116211	50.0	6	107	114065	40	3842046429	113	0.0000000	0.0000000
13	-1.7907715	50.0	8	102	114635	34	3842046483	110	0.0000000	0.0000000
14	-1.7028809	50.0	5	120	114560	32	3842046536	125	0.0000000	0.0000000
15	-1.6040039	50.0	4	95	114353	30	3842046589	99	0.0000000	0.0000000
16	-1.5051270	50.0	6	109	113652	36	3842046642	115	0.0000000	0.0000000
17	-1.4062500	50.0	7	103	114212	38	3842046695	110	0.0000000	0.0000000
18	-1.2963867	50.0	2	112	113998	26	3842046749	114	0.0000000	0.0000000
19	-1.1975098	50.0	3	146	114619	38	3842046802	149	0.0000000	0.0000000
20	-1.0986328	50.0	11	123	114467	36	3842046855	134	0.0000000	0.0000000
21	-0.9997559	50.0	5	127	114148	34	3842046909	132	0.0000000	0.0000000
* end: 30/09/2025 05:15:09
