* begin:	29/09/2025 06:16:25
* script file:	D:\data\Cycle 198\exp_3-16-19\rawdata\sc\Aperture_scan_ifg2_B2_3p40s.cfg
*
[STANDARD]
		
[Aperture_scan_ifg2_B2_3p40s]
	created 28/09/2025   21:49
[CALL]
	Move_aparture_Z10.sc
[CALL]
	Move_aparture_Y15.sc
[CALL]
	ifg2_3p40s_B2_ap.sc
[CALL]
	Move_aparture_Y18.sc
[CALL]
	ifg2_3p40s_B2_ap.sc
[CALL]
	Move_aparture_Y20.sc
[CALL]
	ifg2_3p40s_B2_ap.sc
[CALL]
	Move_aparture_Y22.sc
[CALL]
	ifg2_3p40s_B2_ap.sc
[CALL]
	Move_aparture_Z13p5.sc
[CALL]
	Move_aparture_Y15.sc
[CALL]
	ifg2_3p40s_B2_ap.sc
[CALL]
	Move_aparture_Y18.sc
[CALL]
	ifg2_3p40s_B2_ap.sc
[CALL]
	rocking.sc
[CALL]
	Move_aparture_Y20.sc
[CALL]
	ifg2_3p40s_B2_ap.sc
[CALL]
	Move_aparture_Y22.sc
[CALL]
	ifg2_3p40s_B2_ap.sc
[CALL]
	Move_aparture_Z17.sc
[CALL]
	Move_aparture_Y15.sc
[CALL]
	ifg2_3p40s_B2_ap.sc
[CALL]
	Move_aparture_Y18.sc
[CALL]
	ifg2_3p40s_B2_ap.sc
[CALL]
	Move_aparture_Y20.sc
[CALL]
	ifg2_3p40s_B2_ap.sc
[CALL]
	Move_aparture_Y22.sc
[CALL]
	ifg2_3p40s_B2_ap.sc
[END]

* remarks:	room to enter remarks
*
1	-2.9992676	40.0	687	1305	91321	1193	3841964230	1992	0.0000000	0.0000000
2	-2.8125000	40.0	911	1080	91125	1137	3841964273	1991	0.0000000	0.0000000
3	-2.6037598	40.0	872	1100	91036	1161	3841964317	1972	0.0000000	0.0000000
4	-2.3950195	40.0	1195	818	90972	1121	3841964360	2013	0.0000000	0.0000000
5	-2.1972656	40.0	1229	800	91064	1167	3841964403	2029	0.0000000	0.0000000
6	-1.9995117	40.0	1308	817	90707	1148	3841964447	2125	0.0000000	0.0000000
7	-1.8127441	40.0	1234	824	90948	1159	3841964490	2058	0.0000000	0.0000000
8	-1.5930176	40.0	1075	922	91050	1222	3841964533	1997	0.0000000	0.0000000
9	-1.4062500	40.0	787	1221	91473	1181	3841964577	2008	0.0000000	0.0000000
10	-1.2084961	40.0	694	1271	91483	1189	3841964620	1965	0.0000000	0.0000000
11	-0.9997559	40.0	744	1271	91338	1172	3841964664	2015	0.0000000	0.0000000
12	-0.8129883	40.0	685	1268	91642	1146	3841964707	1953	0.0000000	0.0000000
13	-0.6152344	40.0	900	1106	90991	1188	3841964751	2006	0.0000000	0.0000000
14	-0.4064941	40.0	1154	876	91152	1175	3841964794	2030	0.0000000	0.0000000
15	-0.1977539	40.0	1257	880	91474	1167	3841964838	2137	0.0000000	0.0000000
16	0.0000000	40.0	1215	787	91862	1186	3841964881	2002	0.0000000	0.0000000
17	0.1867676	40.0	1094	951	91470	1168	3841964924	2045	0.0000000	0.0000000
18	0.3955078	40.0	1126	955	91138	1169	3841964968	2081	0.0000000	0.0000000
19	0.5932617	40.0	960	1074	91378	1229	3841965011	2034	0.0000000	0.0000000
20	0.8020020	40.0	613	1319	91492	1192	3841965054	1932	0.0000000	0.0000000
21	0.9887695	40.0	628	1304	91663	1243	3841965098	1932	0.0000000	0.0000000
22	1.1975098	40.0	633	1278	91690	1205	3841965141	1911	0.0000000	0.0000000
23	1.3842773	40.0	817	1100	91505	1139	3841965185	1917	0.0000000	0.0000000
24	1.6040039	40.0	1068	920	91367	1145	3841965228	1988	0.0000000	0.0000000
25	1.7907715	40.0	1224	819	91333	1207	3841965271	2043	0.0000000	0.0000000
26	1.9885254	40.0	1250	769	91250	1145	3841965315	2019	0.0000000	0.0000000
27	2.1972656	40.0	1273	799	90698	1127	3841965358	2072	0.0000000	0.0000000
28	2.3950195	40.0	1071	945	91625	1187	3841965402	2016	0.0000000	0.0000000
29	2.5927734	40.0	993	1089	91549	1200	3841965445	2082	0.0000000	0.0000000
30	2.8015137	40.0	666	1322	90654	1143	3841965489	1988	0.0000000	0.0000000
31	2.9882812	40.0	580	1321	91452	1224	3841965532	1901	0.0000000	0.0000000
* end: 29/09/2025 06:38:53
