* begin:	29/09/2025 05:53:41
* script file:	D:\data\Cycle 198\exp_3-16-19\rawdata\sc\Aperture_scan_ifg2_B2_3p40s.cfg
*
[STANDARD]
		
[Aperture_scan_ifg2_B2_3p40s]
	created 28/09/2025   21:49
[CALL]
	Move_aparture_Z10.sc
[CALL]
	Move_aparture_Y15.sc
[CALL]
	ifg2_3p40s_B2_ap.sc
[CALL]
	Move_aparture_Y18.sc
[CALL]
	ifg2_3p40s_B2_ap.sc
[CALL]
	Move_aparture_Y20.sc
[CALL]
	ifg2_3p40s_B2_ap.sc
[CALL]
	Move_aparture_Y22.sc
[CALL]
	ifg2_3p40s_B2_ap.sc
[CALL]
	Move_aparture_Z13p5.sc
[CALL]
	Move_aparture_Y15.sc
[CALL]
	ifg2_3p40s_B2_ap.sc
[CALL]
	Move_aparture_Y18.sc
[CALL]
	ifg2_3p40s_B2_ap.sc
[CALL]
	rocking.sc
[CALL]
	Move_aparture_Y20.sc
[CALL]
	ifg2_3p40s_B2_ap.sc
[CALL]
	Move_aparture_Y22.sc
[CALL]
	ifg2_3p40s_B2_ap.sc
[CALL]
	Move_aparture_Z17.sc
[CALL]
	Move_aparture_Y15.sc
[CALL]
	ifg2_3p40s_B2_ap.sc
[CALL]
	Move_aparture_Y18.sc
[CALL]
	ifg2_3p40s_B2_ap.sc
[CALL]
	Move_aparture_Y20.sc
[CALL]
	ifg2_3p40s_B2_ap.sc
[CALL]
	Move_aparture_Y22.sc
[CALL]
	ifg2_3p40s_B2_ap.sc
[END]

* remarks:	room to enter remarks
*
1	-3.0102539	40.0	707	1982	91036	2001	3841962866	2689	0.0000000	0.0000000
2	-2.8015137	40.0	809	1918	91470	1909	3841962910	2727	0.0000000	0.0000000
3	-2.6037598	40.0	1154	1615	91050	1881	3841962953	2769	0.0000000	0.0000000
4	-2.4060059	40.0	1355	1404	91624	1939	3841962996	2759	0.0000000	0.0000000
5	-2.2082520	40.0	1359	1332	91473	1935	3841963040	2691	0.0000000	0.0000000
6	-1.9995117	40.0	1005	1739	91598	1931	3841963083	2744	0.0000000	0.0000000
7	-1.8017578	40.0	712	1961	91385	2012	3841963127	2673	0.0000000	0.0000000
8	-1.6040039	40.0	597	2021	90877	1914	3841963170	2618	0.0000000	0.0000000
9	-1.4062500	40.0	459	2190	90943	1903	3841963214	2649	0.0000000	0.0000000
10	-1.2084961	40.0	355	2323	91418	1906	3841963257	2678	0.0000000	0.0000000
11	-0.9887695	40.0	449	2175	91008	2009	3841963301	2624	0.0000000	0.0000000
12	-0.8129883	40.0	897	1890	90817	2024	3841963344	2787	0.0000000	0.0000000
13	-0.6042480	40.0	1109	1613	91232	1963	3841963387	2722	0.0000000	0.0000000
14	-0.3955078	40.0	1401	1407	91602	1907	3841963431	2808	0.0000000	0.0000000
15	-0.1977539	40.0	1425	1390	91368	2006	3841963474	2815	0.0000000	0.0000000
16	-0.0109863	40.0	1239	1522	91704	1850	3841963518	2761	0.0000000	0.0000000
17	0.1867676	40.0	859	1771	90907	1941	3841963561	2630	0.0000000	0.0000000
18	0.3955078	40.0	408	2161	91355	1924	3841963604	2569	0.0000000	0.0000000
19	0.6042480	40.0	320	2329	91312	1840	3841963648	2649	0.0000000	0.0000000
20	0.7910156	40.0	310	2314	91034	1959	3841963691	2624	0.0000000	0.0000000
21	0.9997559	40.0	363	2250	91245	1939	3841963735	2613	0.0000000	0.0000000
22	1.1865234	40.0	702	1985	91590	1948	3841963778	2687	0.0000000	0.0000000
23	1.3842773	40.0	1015	1769	91167	1900	3841963821	2784	0.0000000	0.0000000
24	1.5930176	40.0	1236	1562	90755	1947	3841963865	2798	0.0000000	0.0000000
25	1.7907715	40.0	1340	1326	91071	2016	3841963908	2666	0.0000000	0.0000000
26	1.9995117	40.0	1325	1467	91778	1877	3841963951	2792	0.0000000	0.0000000
27	2.1972656	40.0	976	1809	91133	1900	3841963995	2785	0.0000000	0.0000000
28	2.3950195	40.0	573	2064	91194	1896	3841964038	2637	0.0000000	0.0000000
29	2.5927734	40.0	502	2188	90812	1930	3841964082	2690	0.0000000	0.0000000
30	2.7905273	40.0	405	2268	90831	1902	3841964125	2673	0.0000000	0.0000000
31	2.9882812	40.0	475	2044	90904	1928	3841964168	2519	0.0000000	0.0000000
* end: 29/09/2025 06:16:09
