* begin:	30/06/2025 02:32:28
* script file:	D:\data\Cycle 197\exp_3-16-19\rawdata\sc\rocking_SUM.cfg
*
[STANDARD]
		
[rocking_SUM]
	created 29/06/2025   15:42
[SCAN]
	file path	.
	name		rocking
	category	standard
	# repeats	1
	notes		room to enter remarks
[SUBSCAN]
	S18.axis2.piezo rotation	60	deg	-1.060552	-1.057602	0.000050	0.100000	FALSE	time	2.000000			
[ENDSCAN]
[MOTOR]
	S18.axis2.piezo rotation	1	deg	FIT	SUM	PEAK60			
[END]

* remarks:	room to enter remarks
*
1	-1.0605500	2.0	8	4	2414	103	3834088354	12	0.0000000	0.0000000
2	-1.0605000	2.0	8	7	2229	94	3834088359	15	0.0000000	0.0000000
3	-1.0604500	2.0	7	4	2263	102	3834088364	11	0.0000000	0.0000000
4	-1.0604000	2.0	5	6	2299	91	3834088370	11	0.0000000	0.0000000
5	-1.0603500	2.0	6	6	2289	93	3834088375	12	0.0000000	0.0000000
6	-1.0603000	2.0	9	6	2293	103	3834088379	15	0.0000000	0.0000000
7	-1.0602500	2.0	10	6	2329	107	3834088385	16	0.0000000	0.0000000
8	-1.0602000	2.0	4	11	2270	128	3834088390	15	0.0000000	0.0000000
9	-1.0601500	2.0	8	4	2289	123	3834088395	12	0.0000000	0.0000000
10	-1.0601000	2.0	10	4	2286	137	3834088400	14	0.0000000	0.0000000
11	-1.0600500	2.0	9	8	2339	146	3834088405	17	0.0000000	0.0000000
12	-1.0600000	2.0	13	6	2329	168	3834088411	19	0.0000000	0.0000000
13	-1.0599500	2.0	10	7	2303	169	3834088416	17	0.0000000	0.0000000
14	-1.0599000	2.0	21	9	2241	159	3834088421	30	0.0000000	0.0000000
15	-1.0598500	2.0	14	10	2254	213	3834088426	24	0.0000000	0.0000000
16	-1.0598000	2.0	10	16	2292	190	3834088431	26	0.0000000	0.0000000
17	-1.0597500	2.0	12	16	2341	230	3834088437	28	0.0000000	0.0000000
18	-1.0597000	2.0	21	11	2234	203	3834088442	32	0.0000000	0.0000000
19	-1.0596500	2.0	25	9	2295	264	3834088447	34	0.0000000	0.0000000
20	-1.0596000	2.0	24	14	2218	273	3834088452	38	0.0000000	0.0000000
21	-1.0595500	2.0	20	19	2290	296	3834088457	39	0.0000000	0.0000000
22	-1.0595000	2.0	35	23	2211	322	3834088462	58	0.0000000	0.0000000
23	-1.0594500	2.0	28	17	2362	360	3834088467	45	0.0000000	0.0000000
24	-1.0594000	2.0	40	26	2384	403	3834088472	66	0.0000000	0.0000000
25	-1.0593500	2.0	56	20	2366	453	3834088478	76	0.0000000	0.0000000
26	-1.0593000	2.0	61	29	2338	543	3834088483	90	0.0000000	0.0000000
27	-1.0592500	2.0	88	31	2301	671	3834088489	119	0.0000000	0.0000000
28	-1.0592000	2.0	128	76	2255	749	3834088494	204	0.0000000	0.0000000
29	-1.0591500	2.0	160	81	2337	894	3834088499	241	0.0000000	0.0000000
30	-1.0591000	2.0	166	74	2388	948	3834088503	240	0.0000000	0.0000000
31	-1.0590500	2.0	180	55	2255	1022	3834088508	235	0.0000000	0.0000000
32	-1.0590000	2.0	213	82	2303	1058	3834088514	295	0.0000000	0.0000000
33	-1.0589500	2.0	337	115	2382	1348	3834088520	452	0.0000000	0.0000000
34	-1.0589000	2.0	396	158	2324	1448	3834088525	554	0.0000000	0.0000000
35	-1.0588500	2.0	555	246	2273	1736	3834088530	801	0.0000000	0.0000000
36	-1.0588000	2.0	740	352	2373	1951	3834088535	1092	0.0000000	0.0000000
37	-1.0587500	2.0	904	568	2311	2391	3834088540	1472	0.0000000	0.0000000
38	-1.0587000	2.0	1118	810	2239	2847	3834088545	1928	0.0000000	0.0000000
39	-1.0586500	2.0	1280	960	2357	3462	3834088550	2240	0.0000000	0.0000000
40	-1.0586000	2.0	1287	1065	2294	3801	3834088555	2352	0.0000000	0.0000000
41	-1.0585500	2.0	1303	1250	2348	4379	3834088560	2553	0.0000000	0.0000000
42	-1.0585000	2.0	1313	1181	2344	4526	3834088565	2494	0.0000000	0.0000000
43	-1.0584500	2.0	1189	1165	2338	4576	3834088570	2354	0.0000000	0.0000000
44	-1.0584000	2.0	1126	930	2291	4487	3834088575	2056	0.0000000	0.0000000
45	-1.0583500	2.0	992	750	2287	4172	3834088581	1742	0.0000000	0.0000000
46	-1.0583000	2.0	896	715	2301	3357	3834088585	1611	0.0000000	0.0000000
47	-1.0582500	2.0	666	407	2259	3008	3834088591	1073	0.0000000	0.0000000
48	-1.0582000	2.0	669	332	2324	2279	3834088596	1001	0.0000000	0.0000000
49	-1.0581500	2.0	481	202	2381	1989	3834088601	683	0.0000000	0.0000000
50	-1.0581000	2.0	386	148	2216	1496	3834088606	534	0.0000000	0.0000000
51	-1.0580500	2.0	254	98	2234	1372	3834088611	352	0.0000000	0.0000000
52	-1.0580000	2.0	228	72	2357	1186	3834088616	300	0.0000000	0.0000000
53	-1.0579500	2.0	163	58	2246	1090	3834088621	221	0.0000000	0.0000000
54	-1.0579000	2.0	123	42	2157	886	3834088626	165	0.0000000	0.0000000
55	-1.0578500	2.0	108	47	2316	728	3834088631	155	0.0000000	0.0000000
56	-1.0578000	2.0	72	30	2334	652	3834088637	102	0.0000000	0.0000000
57	-1.0577500	2.0	80	26	2251	619	3834088642	106	0.0000000	0.0000000
58	-1.0577000	2.0	62	22	2358	513	3834088647	84	0.0000000	0.0000000
59	-1.0576500	2.0	48	24	2208	452	3834088652	72	0.0000000	0.0000000
60	-1.0576000	2.0	35	17	2289	392	3834088657	52	0.0000000	0.0000000
* end: 30/06/2025 02:37:38
