# BinNR microsec tot-time (s)  O-Beam H-beam AUX Ampl1(V) f1(Hz) phase1(deg) Ampl1(V) f1(Hz) phase1(deg) chi(pos)
0 0.00 1200.00 111 222 266 0.835 2000.000 0.000 0.835 3000.000 0.000 -0.648
1 16.67 1200.00 105 241 261 0.835 2000.000 0.000 0.835 3000.000 0.000 -0.648
2 33.33 1200.00 96 262 246 0.835 2000.000 0.000 0.835 3000.000 0.000 -0.648
3 50.00 1200.00 89 227 234 0.835 2000.000 0.000 0.835 3000.000 0.000 -0.648
4 66.67 1200.00 77 257 228 0.835 2000.000 0.000 0.835 3000.000 0.000 -0.648
5 83.33 1200.00 83 283 256 0.835 2000.000 0.000 0.835 3000.000 0.000 -0.648
6 100.00 1200.00 92 257 270 0.835 2000.000 0.000 0.835 3000.000 0.000 -0.648
7 116.67 1200.00 77 262 244 0.835 2000.000 0.000 0.835 3000.000 0.000 -0.648
8 133.33 1200.00 94 271 264 0.835 2000.000 0.000 0.835 3000.000 0.000 -0.648
9 150.00 1200.00 73 272 232 0.835 2000.000 0.000 0.835 3000.000 0.000 -0.648
10 166.67 1200.00 83 246 237 0.835 2000.000 0.000 0.835 3000.000 0.000 -0.648
11 183.33 1200.00 74 245 245 0.835 2000.000 0.000 0.835 3000.000 0.000 -0.648
12 200.00 1200.00 84 264 236 0.835 2000.000 0.000 0.835 3000.000 0.000 -0.648
13 216.67 1200.00 81 232 243 0.835 2000.000 0.000 0.835 3000.000 0.000 -0.648
14 233.33 1200.00 73 222 249 0.835 2000.000 0.000 0.835 3000.000 0.000 -0.648
15 250.00 1200.00 81 238 224 0.835 2000.000 0.000 0.835 3000.000 0.000 -0.648
16 266.67 1200.00 79 265 214 0.835 2000.000 0.000 0.835 3000.000 0.000 -0.648
17 283.33 1200.00 92 239 232 0.835 2000.000 0.000 0.835 3000.000 0.000 -0.648
18 300.00 1200.00 87 256 243 0.835 2000.000 0.000 0.835 3000.000 0.000 -0.648
19 316.67 1200.00 85 238 232 0.835 2000.000 0.000 0.835 3000.000 0.000 -0.648
20 333.33 1200.00 77 250 233 0.835 2000.000 0.000 0.835 3000.000 0.000 -0.648
21 350.00 1200.00 89 251 200 0.835 2000.000 0.000 0.835 3000.000 0.000 -0.648
22 366.67 1200.00 89 263 231 0.835 2000.000 0.000 0.835 3000.000 0.000 -0.648
23 383.33 1200.00 72 244 242 0.835 2000.000 0.000 0.835 3000.000 0.000 -0.648
24 400.00 1200.00 78 270 231 0.835 2000.000 0.000 0.835 3000.000 0.000 -0.648
25 416.67 1200.00 89 241 240 0.835 2000.000 0.000 0.835 3000.000 0.000 -0.648
26 433.33 1200.00 67 280 230 0.835 2000.000 0.000 0.835 3000.000 0.000 -0.648
27 450.00 1200.00 104 268 212 0.835 2000.000 0.000 0.835 3000.000 0.000 -0.648
28 466.67 1200.00 68 244 197 0.835 2000.000 0.000 0.835 3000.000 0.000 -0.648
29 483.33 1200.00 83 214 205 0.835 2000.000 0.000 0.835 3000.000 0.000 -0.648
30 500.00 1200.00 100 251 212 0.835 2000.000 0.000 0.835 3000.000 0.000 -0.648
31 516.67 1200.00 88 256 195 0.835 2000.000 0.000 0.835 3000.000 0.000 -0.648
32 533.33 1200.00 99 244 243 0.835 2000.000 0.000 0.835 3000.000 0.000 -0.648
33 550.00 1200.00 84 259 220 0.835 2000.000 0.000 0.835 3000.000 0.000 -0.648
34 566.67 1200.00 75 238 235 0.835 2000.000 0.000 0.835 3000.000 0.000 -0.648
35 583.33 1200.00 81 265 250 0.835 2000.000 0.000 0.835 3000.000 0.000 -0.648
36 600.00 1200.00 77 264 248 0.835 2000.000 0.000 0.835 3000.000 0.000 -0.648
37 616.67 1200.00 84 254 209 0.835 2000.000 0.000 0.835 3000.000 0.000 -0.648
38 633.33 1200.00 79 258 225 0.835 2000.000 0.000 0.835 3000.000 0.000 -0.648
39 650.00 1200.00 67 233 252 0.835 2000.000 0.000 0.835 3000.000 0.000 -0.648
40 666.67 1200.00 80 268 214 0.835 2000.000 0.000 0.835 3000.000 0.000 -0.648
41 683.33 1200.00 80 262 206 0.835 2000.000 0.000 0.835 3000.000 0.000 -0.648
42 700.00 1200.00 78 250 213 0.835 2000.000 0.000 0.835 3000.000 0.000 -0.648
43 716.67 1200.00 87 298 179 0.835 2000.000 0.000 0.835 3000.000 0.000 -0.648
44 733.33 1200.00 69 272 226 0.835 2000.000 0.000 0.835 3000.000 0.000 -0.648
45 750.00 1200.00 89 258 234 0.835 2000.000 0.000 0.835 3000.000 0.000 -0.648
46 766.67 1200.00 96 227 212 0.835 2000.000 0.000 0.835 3000.000 0.000 -0.648
47 783.33 1200.00 95 225 245 0.835 2000.000 0.000 0.835 3000.000 0.000 -0.648
48 800.00 1200.00 110 247 230 0.835 2000.000 0.000 0.835 3000.000 0.000 -0.648
49 816.67 1200.00 77 263 246 0.835 2000.000 0.000 0.835 3000.000 0.000 -0.648
50 833.34 1200.00 82 248 239 0.835 2000.000 0.000 0.835 3000.000 0.000 -0.648
51 850.00 1200.00 102 241 229 0.835 2000.000 0.000 0.835 3000.000 0.000 -0.648
52 866.67 1200.00 79 251 248 0.835 2000.000 0.000 0.835 3000.000 0.000 -0.648
53 883.34 1200.00 88 298 231 0.835 2000.000 0.000 0.835 3000.000 0.000 -0.648
54 900.00 1200.00 95 283 254 0.835 2000.000 0.000 0.835 3000.000 0.000 -0.648
55 916.67 1200.00 114 294 194 0.835 2000.000 0.000 0.835 3000.000 0.000 -0.648
56 933.34 1200.00 98 289 236 0.835 2000.000 0.000 0.835 3000.000 0.000 -0.648
57 950.00 1200.00 102 280 219 0.835 2000.000 0.000 0.835 3000.000 0.000 -0.648
58 966.67 1200.00 82 260 227 0.835 2000.000 0.000 0.835 3000.000 0.000 -0.648
59 983.34 1200.00 75 224 240 0.835 2000.000 0.000 0.835 3000.000 0.000 -0.648
60 1000.00 1200.00 80 222 225 0.835 2000.000 0.000 0.835 3000.000 0.000 -0.648
61 1016.67 1200.00 77 230 233 0.835 2000.000 0.000 0.835 3000.000 0.000 -0.648
62 1033.34 1200.00 95 248 258 0.835 2000.000 0.000 0.835 3000.000 0.000 -0.648
63 1050.00 1200.00 74 252 247 0.835 2000.000 0.000 0.835 3000.000 0.000 -0.648
64 1066.67 1200.00 71 287 245 0.835 2000.000 0.000 0.835 3000.000 0.000 -0.648
65 1083.34 1200.00 97 280 227 0.835 2000.000 0.000 0.835 3000.000 0.000 -0.648
66 1100.00 1200.00 87 290 233 0.835 2000.000 0.000 0.835 3000.000 0.000 -0.648
67 1116.67 1200.00 98 278 244 0.835 2000.000 0.000 0.835 3000.000 0.000 -0.648
68 1133.34 1200.00 89 259 220 0.835 2000.000 0.000 0.835 3000.000 0.000 -0.648
69 1150.00 1200.00 74 263 218 0.835 2000.000 0.000 0.835 3000.000 0.000 -0.648
70 1166.67 1200.00 100 228 220 0.835 2000.000 0.000 0.835 3000.000 0.000 -0.648
71 1183.34 1200.00 75 235 248 0.835 2000.000 0.000 0.835 3000.000 0.000 -0.648
72 1200.00 1200.00 71 260 265 0.835 2000.000 0.000 0.835 3000.000 0.000 -0.648
73 1216.67 1200.00 83 265 206 0.835 2000.000 0.000 0.835 3000.000 0.000 -0.648
74 1233.34 1200.00 79 267 234 0.835 2000.000 0.000 0.835 3000.000 0.000 -0.648
75 1250.00 1200.00 93 235 226 0.835 2000.000 0.000 0.835 3000.000 0.000 -0.648
76 1266.67 1200.00 78 237 246 0.835 2000.000 0.000 0.835 3000.000 0.000 -0.648
77 1283.34 1200.00 72 264 239 0.835 2000.000 0.000 0.835 3000.000 0.000 -0.648
78 1300.00 1200.00 74 230 272 0.835 2000.000 0.000 0.835 3000.000 0.000 -0.648
79 1316.67 1200.00 91 239 234 0.835 2000.000 0.000 0.835 3000.000 0.000 -0.648
80 1333.34 1200.00 79 235 248 0.835 2000.000 0.000 0.835 3000.000 0.000 -0.648
81 1350.00 1200.00 72 220 225 0.835 2000.000 0.000 0.835 3000.000 0.000 -0.648
82 1366.67 1200.00 89 242 255 0.835 2000.000 0.000 0.835 3000.000 0.000 -0.648
83 1383.34 1200.00 81 250 249 0.835 2000.000 0.000 0.835 3000.000 0.000 -0.648
84 1400.00 1200.00 82 250 256 0.835 2000.000 0.000 0.835 3000.000 0.000 -0.648
85 1416.67 1200.00 79 260 246 0.835 2000.000 0.000 0.835 3000.000 0.000 -0.648
86 1433.34 1200.00 88 263 237 0.835 2000.000 0.000 0.835 3000.000 0.000 -0.648
87 1450.00 1200.00 72 251 215 0.835 2000.000 0.000 0.835 3000.000 0.000 -0.648
88 1466.67 1200.00 79 255 205 0.835 2000.000 0.000 0.835 3000.000 0.000 -0.648
89 1483.34 1200.00 89 257 219 0.835 2000.000 0.000 0.835 3000.000 0.000 -0.648
90 1500.00 1200.00 65 257 205 0.835 2000.000 0.000 0.835 3000.000 0.000 -0.648
91 1516.67 1200.00 89 236 202 0.835 2000.000 0.000 0.835 3000.000 0.000 -0.648
92 1533.34 1200.00 82 257 212 0.835 2000.000 0.000 0.835 3000.000 0.000 -0.648
93 1550.00 1200.00 80 242 233 0.835 2000.000 0.000 0.835 3000.000 0.000 -0.648
94 1566.67 1200.00 80 248 242 0.835 2000.000 0.000 0.835 3000.000 0.000 -0.648
95 1583.34 1200.00 92 239 226 0.835 2000.000 0.000 0.835 3000.000 0.000 -0.648
96 1600.00 1200.00 78 254 234 0.835 2000.000 0.000 0.835 3000.000 0.000 -0.648
97 1616.67 1200.00 76 254 216 0.835 2000.000 0.000 0.835 3000.000 0.000 -0.648
98 1633.34 1200.00 69 255 209 0.835 2000.000 0.000 0.835 3000.000 0.000 -0.648
99 1650.00 1200.00 96 262 231 0.835 2000.000 0.000 0.835 3000.000 0.000 -0.648
100 1666.67 1200.00 94 293 196 0.835 2000.000 0.000 0.835 3000.000 0.000 -0.648
101 1683.34 1200.00 92 301 209 0.835 2000.000 0.000 0.835 3000.000 0.000 -0.648
102 1700.00 1200.00 89 265 213 0.835 2000.000 0.000 0.835 3000.000 0.000 -0.648
103 1716.67 1200.00 88 289 258 0.835 2000.000 0.000 0.835 3000.000 0.000 -0.648
104 1733.34 1200.00 89 310 221 0.835 2000.000 0.000 0.835 3000.000 0.000 -0.648
105 1750.00 1200.00 99 299 224 0.835 2000.000 0.000 0.835 3000.000 0.000 -0.648
106 1766.67 1200.00 82 278 230 0.835 2000.000 0.000 0.835 3000.000 0.000 -0.648
107 1783.34 1200.00 85 245 246 0.835 2000.000 0.000 0.835 3000.000 0.000 -0.648
108 1800.00 1200.00 94 269 224 0.835 2000.000 0.000 0.835 3000.000 0.000 -0.648
109 1816.67 1200.00 75 266 262 0.835 2000.000 0.000 0.835 3000.000 0.000 -0.648
110 1833.34 1200.00 97 264 197 0.835 2000.000 0.000 0.835 3000.000 0.000 -0.648
111 1850.00 1200.00 82 279 209 0.835 2000.000 0.000 0.835 3000.000 0.000 -0.648
112 1866.67 1200.00 81 269 212 0.835 2000.000 0.000 0.835 3000.000 0.000 -0.648
113 1883.34 1200.00 95 268 234 0.835 2000.000 0.000 0.835 3000.000 0.000 -0.648
114 1900.00 1200.00 77 308 240 0.835 2000.000 0.000 0.835 3000.000 0.000 -0.648
115 1916.67 1200.00 73 265 217 0.835 2000.000 0.000 0.835 3000.000 0.000 -0.648
116 1933.34 1200.00 89 263 231 0.835 2000.000 0.000 0.835 3000.000 0.000 -0.648
117 1950.00 1200.00 87 260 240 0.835 2000.000 0.000 0.835 3000.000 0.000 -0.648
118 1966.67 1200.00 94 279 224 0.835 2000.000 0.000 0.835 3000.000 0.000 -0.648
119 1983.34 1200.00 78 260 237 0.835 2000.000 0.000 0.835 3000.000 0.000 -0.648
