# BinNR microsec tot-time (s)  O-Beam H-beam AUX Ampl(V) f(Hz) phase(deg) chi(pos)
0 0.00 1200.00 66 1281 150 0.000 0.172 3000.000 0.648
1 25.00 1200.00 82 1207 152 0.000 0.172 3000.000 0.648
2 50.00 1200.00 69 1167 145 0.000 0.172 3000.000 0.648
3 75.00 1200.00 83 1179 186 0.000 0.172 3000.000 0.648
4 100.00 1200.00 77 1171 147 0.000 0.172 3000.000 0.648
5 125.00 1200.00 78 1194 172 0.000 0.172 3000.000 0.648
6 150.00 1200.00 88 1208 159 0.000 0.172 3000.000 0.648
7 175.00 1200.00 86 1203 160 0.000 0.172 3000.000 0.648
8 200.00 1200.00 94 1263 134 0.000 0.172 3000.000 0.648
9 225.00 1200.00 104 1204 110 0.000 0.172 3000.000 0.648
10 250.00 1200.00 85 1209 147 0.000 0.172 3000.000 0.648
11 275.00 1200.00 93 1230 154 0.000 0.172 3000.000 0.648
12 300.00 1200.00 113 1281 137 0.000 0.172 3000.000 0.648
13 325.00 1200.00 88 1246 147 0.000 0.172 3000.000 0.648
14 350.00 1200.00 66 1231 158 0.000 0.172 3000.000 0.648
15 375.00 1200.00 81 1223 148 0.000 0.172 3000.000 0.648
16 400.00 1200.00 76 1318 157 0.000 0.172 3000.000 0.648
17 425.00 1200.00 65 1193 154 0.000 0.172 3000.000 0.648
18 450.00 1200.00 77 1224 155 0.000 0.172 3000.000 0.648
19 475.00 1200.00 98 1189 157 0.000 0.172 3000.000 0.648
20 500.00 1200.00 88 1163 142 0.000 0.172 3000.000 0.648
21 525.00 1200.00 85 1180 158 0.000 0.172 3000.000 0.648
22 550.00 1200.00 87 1241 129 0.000 0.172 3000.000 0.648
23 575.00 1200.00 104 1223 154 0.000 0.172 3000.000 0.648
24 600.00 1200.00 104 1316 140 0.000 0.172 3000.000 0.648
25 625.00 1200.00 92 1278 153 0.000 0.172 3000.000 0.648
26 650.00 1200.00 87 1284 132 0.000 0.172 3000.000 0.648
27 675.00 1200.00 80 1263 149 0.000 0.172 3000.000 0.648
28 700.00 1200.00 77 1234 158 0.000 0.172 3000.000 0.648
29 725.00 1200.00 75 1287 175 0.000 0.172 3000.000 0.648
30 750.00 1200.00 78 1130 158 0.000 0.172 3000.000 0.648
31 775.00 1200.00 89 1167 163 0.000 0.172 3000.000 0.648
32 800.00 1200.00 84 1215 151 0.000 0.172 3000.000 0.648
33 825.00 1200.00 99 1246 151 0.000 0.172 3000.000 0.648
34 850.00 1200.00 100 1251 150 0.000 0.172 3000.000 0.648
35 875.00 1200.00 95 1214 156 0.000 0.172 3000.000 0.648
36 900.00 1200.00 94 1250 133 0.000 0.172 3000.000 0.648
37 925.00 1200.00 92 1280 110 0.000 0.172 3000.000 0.648
38 950.00 1200.00 97 1288 116 0.000 0.172 3000.000 0.648
39 975.00 1200.00 103 1198 141 0.000 0.172 3000.000 0.648
