# BinNR microsec tot-time (s)  O-Beam H-beam AUX Ampl1(V) f1(Hz) phase1(deg) Ampl1(V) f1(Hz) phase1(deg) chi(pos)
0 0.00 1200.00 31 493 70 0.843 2000.000 0.000 0.843 3000.000 0.000 0.648
1 16.67 1200.00 21 460 44 0.843 2000.000 0.000 0.843 3000.000 0.000 0.648
2 33.33 1200.00 30 419 47 0.843 2000.000 0.000 0.843 3000.000 0.000 0.648
3 50.00 1200.00 26 468 53 0.843 2000.000 0.000 0.843 3000.000 0.000 0.648
4 66.67 1200.00 19 422 61 0.843 2000.000 0.000 0.843 3000.000 0.000 0.648
5 83.33 1200.00 30 422 68 0.843 2000.000 0.000 0.843 3000.000 0.000 0.648
6 100.00 1200.00 22 426 62 0.843 2000.000 0.000 0.843 3000.000 0.000 0.648
7 116.67 1200.00 28 400 50 0.843 2000.000 0.000 0.843 3000.000 0.000 0.648
8 133.33 1200.00 38 402 49 0.843 2000.000 0.000 0.843 3000.000 0.000 0.648
9 150.00 1200.00 31 434 66 0.843 2000.000 0.000 0.843 3000.000 0.000 0.648
10 166.67 1200.00 43 442 77 0.843 2000.000 0.000 0.843 3000.000 0.000 0.648
11 183.33 1200.00 56 466 61 0.843 2000.000 0.000 0.843 3000.000 0.000 0.648
12 200.00 1200.00 46 475 74 0.843 2000.000 0.000 0.843 3000.000 0.000 0.648
13 216.67 1200.00 42 509 71 0.843 2000.000 0.000 0.843 3000.000 0.000 0.648
14 233.33 1200.00 48 466 55 0.843 2000.000 0.000 0.843 3000.000 0.000 0.648
15 250.00 1200.00 38 533 52 0.843 2000.000 0.000 0.843 3000.000 0.000 0.648
16 266.67 1200.00 40 479 62 0.843 2000.000 0.000 0.843 3000.000 0.000 0.648
17 283.33 1200.00 40 516 53 0.843 2000.000 0.000 0.843 3000.000 0.000 0.648
18 300.00 1200.00 32 538 47 0.843 2000.000 0.000 0.843 3000.000 0.000 0.648
19 316.67 1200.00 35 537 50 0.843 2000.000 0.000 0.843 3000.000 0.000 0.648
20 333.33 1200.00 20 500 55 0.843 2000.000 0.000 0.843 3000.000 0.000 0.648
21 350.00 1200.00 24 479 50 0.843 2000.000 0.000 0.843 3000.000 0.000 0.648
22 366.67 1200.00 26 473 63 0.843 2000.000 0.000 0.843 3000.000 0.000 0.648
23 383.33 1200.00 25 484 71 0.843 2000.000 0.000 0.843 3000.000 0.000 0.648
24 400.00 1200.00 24 508 68 0.843 2000.000 0.000 0.843 3000.000 0.000 0.648
25 416.67 1200.00 22 510 88 0.843 2000.000 0.000 0.843 3000.000 0.000 0.648
26 433.33 1200.00 17 513 99 0.843 2000.000 0.000 0.843 3000.000 0.000 0.648
27 450.00 1200.00 18 474 108 0.843 2000.000 0.000 0.843 3000.000 0.000 0.648
28 466.67 1200.00 18 490 113 0.843 2000.000 0.000 0.843 3000.000 0.000 0.648
29 483.33 1200.00 24 513 121 0.843 2000.000 0.000 0.843 3000.000 0.000 0.648
30 500.00 1200.00 22 509 121 0.843 2000.000 0.000 0.843 3000.000 0.000 0.648
31 516.67 1200.00 35 512 124 0.843 2000.000 0.000 0.843 3000.000 0.000 0.648
32 533.33 1200.00 39 550 110 0.843 2000.000 0.000 0.843 3000.000 0.000 0.648
33 550.00 1200.00 48 527 94 0.843 2000.000 0.000 0.843 3000.000 0.000 0.648
34 566.67 1200.00 55 505 95 0.843 2000.000 0.000 0.843 3000.000 0.000 0.648
35 583.33 1200.00 63 519 71 0.843 2000.000 0.000 0.843 3000.000 0.000 0.648
36 600.00 1200.00 50 527 65 0.843 2000.000 0.000 0.843 3000.000 0.000 0.648
37 616.67 1200.00 56 481 47 0.843 2000.000 0.000 0.843 3000.000 0.000 0.648
38 633.33 1200.00 46 444 45 0.843 2000.000 0.000 0.843 3000.000 0.000 0.648
39 650.00 1200.00 40 464 35 0.843 2000.000 0.000 0.843 3000.000 0.000 0.648
40 666.67 1200.00 44 436 33 0.843 2000.000 0.000 0.843 3000.000 0.000 0.648
41 683.33 1200.00 40 395 36 0.843 2000.000 0.000 0.843 3000.000 0.000 0.648
42 700.00 1200.00 30 406 35 0.843 2000.000 0.000 0.843 3000.000 0.000 0.648
43 716.67 1200.00 31 374 36 0.843 2000.000 0.000 0.843 3000.000 0.000 0.648
44 733.33 1200.00 26 391 42 0.843 2000.000 0.000 0.843 3000.000 0.000 0.648
45 750.00 1200.00 26 393 38 0.843 2000.000 0.000 0.843 3000.000 0.000 0.648
46 766.67 1200.00 29 428 50 0.843 2000.000 0.000 0.843 3000.000 0.000 0.648
47 783.33 1200.00 20 447 72 0.843 2000.000 0.000 0.843 3000.000 0.000 0.648
48 800.00 1200.00 22 435 77 0.843 2000.000 0.000 0.843 3000.000 0.000 0.648
49 816.67 1200.00 29 472 91 0.843 2000.000 0.000 0.843 3000.000 0.000 0.648
50 833.34 1200.00 21 472 109 0.843 2000.000 0.000 0.843 3000.000 0.000 0.648
51 850.00 1200.00 32 511 105 0.843 2000.000 0.000 0.843 3000.000 0.000 0.648
52 866.67 1200.00 35 507 98 0.843 2000.000 0.000 0.843 3000.000 0.000 0.648
53 883.34 1200.00 28 506 115 0.843 2000.000 0.000 0.843 3000.000 0.000 0.648
54 900.00 1200.00 37 553 97 0.843 2000.000 0.000 0.843 3000.000 0.000 0.648
55 916.67 1200.00 31 505 113 0.843 2000.000 0.000 0.843 3000.000 0.000 0.648
56 933.34 1200.00 33 561 105 0.843 2000.000 0.000 0.843 3000.000 0.000 0.648
57 950.00 1200.00 34 555 107 0.843 2000.000 0.000 0.843 3000.000 0.000 0.648
58 966.67 1200.00 32 520 84 0.843 2000.000 0.000 0.843 3000.000 0.000 0.648
59 983.34 1200.00 24 515 77 0.843 2000.000 0.000 0.843 3000.000 0.000 0.648
60 1000.00 1200.00 19 491 59 0.843 2000.000 0.000 0.843 3000.000 0.000 0.648
61 1016.67 1200.00 25 460 54 0.843 2000.000 0.000 0.843 3000.000 0.000 0.648
62 1033.34 1200.00 24 433 47 0.843 2000.000 0.000 0.843 3000.000 0.000 0.648
63 1050.00 1200.00 19 505 45 0.843 2000.000 0.000 0.843 3000.000 0.000 0.648
64 1066.67 1200.00 30 421 46 0.843 2000.000 0.000 0.843 3000.000 0.000 0.648
65 1083.34 1200.00 32 413 62 0.843 2000.000 0.000 0.843 3000.000 0.000 0.648
66 1100.00 1200.00 34 383 54 0.843 2000.000 0.000 0.843 3000.000 0.000 0.648
67 1116.67 1200.00 39 417 66 0.843 2000.000 0.000 0.843 3000.000 0.000 0.648
68 1133.34 1200.00 43 423 69 0.843 2000.000 0.000 0.843 3000.000 0.000 0.648
69 1150.00 1200.00 51 476 76 0.843 2000.000 0.000 0.843 3000.000 0.000 0.648
70 1166.67 1200.00 39 465 68 0.843 2000.000 0.000 0.843 3000.000 0.000 0.648
71 1183.34 1200.00 57 470 68 0.843 2000.000 0.000 0.843 3000.000 0.000 0.648
72 1200.00 1200.00 48 448 81 0.843 2000.000 0.000 0.843 3000.000 0.000 0.648
73 1216.67 1200.00 50 505 56 0.843 2000.000 0.000 0.843 3000.000 0.000 0.648
74 1233.34 1200.00 52 496 50 0.843 2000.000 0.000 0.843 3000.000 0.000 0.648
75 1250.00 1200.00 48 537 56 0.843 2000.000 0.000 0.843 3000.000 0.000 0.648
76 1266.67 1200.00 49 505 50 0.843 2000.000 0.000 0.843 3000.000 0.000 0.648
77 1283.34 1200.00 27 506 38 0.843 2000.000 0.000 0.843 3000.000 0.000 0.648
78 1300.00 1200.00 32 506 57 0.843 2000.000 0.000 0.843 3000.000 0.000 0.648
79 1316.67 1200.00 37 546 48 0.843 2000.000 0.000 0.843 3000.000 0.000 0.648
80 1333.34 1200.00 24 485 41 0.843 2000.000 0.000 0.843 3000.000 0.000 0.648
81 1350.00 1200.00 20 516 52 0.843 2000.000 0.000 0.843 3000.000 0.000 0.648
82 1366.67 1200.00 16 504 50 0.843 2000.000 0.000 0.843 3000.000 0.000 0.648
83 1383.34 1200.00 17 433 45 0.843 2000.000 0.000 0.843 3000.000 0.000 0.648
84 1400.00 1200.00 22 475 91 0.843 2000.000 0.000 0.843 3000.000 0.000 0.648
85 1416.67 1200.00 21 489 86 0.843 2000.000 0.000 0.843 3000.000 0.000 0.648
86 1433.34 1200.00 21 452 102 0.843 2000.000 0.000 0.843 3000.000 0.000 0.648
87 1450.00 1200.00 15 526 103 0.843 2000.000 0.000 0.843 3000.000 0.000 0.648
88 1466.67 1200.00 20 544 106 0.843 2000.000 0.000 0.843 3000.000 0.000 0.648
89 1483.34 1200.00 27 474 129 0.843 2000.000 0.000 0.843 3000.000 0.000 0.648
90 1500.00 1200.00 26 470 129 0.843 2000.000 0.000 0.843 3000.000 0.000 0.648
91 1516.67 1200.00 32 518 111 0.843 2000.000 0.000 0.843 3000.000 0.000 0.648
92 1533.34 1200.00 43 460 110 0.843 2000.000 0.000 0.843 3000.000 0.000 0.648
93 1550.00 1200.00 43 496 125 0.843 2000.000 0.000 0.843 3000.000 0.000 0.648
94 1566.67 1200.00 45 547 106 0.843 2000.000 0.000 0.843 3000.000 0.000 0.648
95 1583.34 1200.00 52 520 86 0.843 2000.000 0.000 0.843 3000.000 0.000 0.648
96 1600.00 1200.00 44 554 69 0.843 2000.000 0.000 0.843 3000.000 0.000 0.648
97 1616.67 1200.00 58 478 45 0.843 2000.000 0.000 0.843 3000.000 0.000 0.648
98 1633.34 1200.00 63 437 54 0.843 2000.000 0.000 0.843 3000.000 0.000 0.648
99 1650.00 1200.00 46 468 44 0.843 2000.000 0.000 0.843 3000.000 0.000 0.648
100 1666.67 1200.00 44 430 42 0.843 2000.000 0.000 0.843 3000.000 0.000 0.648
101 1683.34 1200.00 36 394 34 0.843 2000.000 0.000 0.843 3000.000 0.000 0.648
102 1700.00 1200.00 35 414 29 0.843 2000.000 0.000 0.843 3000.000 0.000 0.648
103 1716.67 1200.00 28 370 41 0.843 2000.000 0.000 0.843 3000.000 0.000 0.648
104 1733.34 1200.00 26 391 44 0.843 2000.000 0.000 0.843 3000.000 0.000 0.648
105 1750.00 1200.00 28 451 38 0.843 2000.000 0.000 0.843 3000.000 0.000 0.648
106 1766.67 1200.00 28 400 47 0.843 2000.000 0.000 0.843 3000.000 0.000 0.648
107 1783.34 1200.00 30 445 51 0.843 2000.000 0.000 0.843 3000.000 0.000 0.648
108 1800.00 1200.00 25 467 61 0.843 2000.000 0.000 0.843 3000.000 0.000 0.648
109 1816.67 1200.00 24 531 79 0.843 2000.000 0.000 0.843 3000.000 0.000 0.648
110 1833.34 1200.00 34 515 100 0.843 2000.000 0.000 0.843 3000.000 0.000 0.648
111 1850.00 1200.00 32 512 99 0.843 2000.000 0.000 0.843 3000.000 0.000 0.648
112 1866.67 1200.00 30 544 139 0.843 2000.000 0.000 0.843 3000.000 0.000 0.648
113 1883.34 1200.00 32 548 102 0.843 2000.000 0.000 0.843 3000.000 0.000 0.648
114 1900.00 1200.00 24 513 117 0.843 2000.000 0.000 0.843 3000.000 0.000 0.648
115 1916.67 1200.00 42 527 112 0.843 2000.000 0.000 0.843 3000.000 0.000 0.648
116 1933.34 1200.00 22 512 110 0.843 2000.000 0.000 0.843 3000.000 0.000 0.648
117 1950.00 1200.00 30 550 92 0.843 2000.000 0.000 0.843 3000.000 0.000 0.648
118 1966.67 1200.00 23 519 66 0.843 2000.000 0.000 0.843 3000.000 0.000 0.648
119 1983.34 1200.00 28 492 70 0.843 2000.000 0.000 0.843 3000.000 0.000 0.648
