# BinNR microsec tot-time (s)  O-Beam H-beam AUX Ampl1(V) f1(Hz) phase1(deg) Ampl1(V) f1(Hz) phase1(deg) chi(pos)
0 0.00 1200.00 36 472 57 0.843 2000.000 0.000 0.843 3000.000 0.000 -1.373
1 16.67 1200.00 30 494 72 0.843 2000.000 0.000 0.843 3000.000 0.000 -1.373
2 33.33 1200.00 23 425 56 0.843 2000.000 0.000 0.843 3000.000 0.000 -1.373
3 50.00 1200.00 28 422 67 0.843 2000.000 0.000 0.843 3000.000 0.000 -1.373
4 66.67 1200.00 25 402 59 0.843 2000.000 0.000 0.843 3000.000 0.000 -1.373
5 83.33 1200.00 30 391 68 0.843 2000.000 0.000 0.843 3000.000 0.000 -1.373
6 100.00 1200.00 40 371 70 0.843 2000.000 0.000 0.843 3000.000 0.000 -1.373
7 116.67 1200.00 43 429 70 0.843 2000.000 0.000 0.843 3000.000 0.000 -1.373
8 133.33 1200.00 53 374 82 0.843 2000.000 0.000 0.843 3000.000 0.000 -1.373
9 150.00 1200.00 55 444 70 0.843 2000.000 0.000 0.843 3000.000 0.000 -1.373
10 166.67 1200.00 39 427 83 0.843 2000.000 0.000 0.843 3000.000 0.000 -1.373
11 183.33 1200.00 55 450 87 0.843 2000.000 0.000 0.843 3000.000 0.000 -1.373
12 200.00 1200.00 63 444 79 0.843 2000.000 0.000 0.843 3000.000 0.000 -1.373
13 216.67 1200.00 58 477 71 0.843 2000.000 0.000 0.843 3000.000 0.000 -1.373
14 233.33 1200.00 48 437 72 0.843 2000.000 0.000 0.843 3000.000 0.000 -1.373
15 250.00 1200.00 53 498 74 0.843 2000.000 0.000 0.843 3000.000 0.000 -1.373
16 266.67 1200.00 49 515 65 0.843 2000.000 0.000 0.843 3000.000 0.000 -1.373
17 283.33 1200.00 39 505 58 0.843 2000.000 0.000 0.843 3000.000 0.000 -1.373
18 300.00 1200.00 37 455 47 0.843 2000.000 0.000 0.843 3000.000 0.000 -1.373
19 316.67 1200.00 29 508 52 0.843 2000.000 0.000 0.843 3000.000 0.000 -1.373
20 333.33 1200.00 22 504 44 0.843 2000.000 0.000 0.843 3000.000 0.000 -1.373
21 350.00 1200.00 31 446 71 0.843 2000.000 0.000 0.843 3000.000 0.000 -1.373
22 366.67 1200.00 27 447 73 0.843 2000.000 0.000 0.843 3000.000 0.000 -1.373
23 383.33 1200.00 20 436 73 0.843 2000.000 0.000 0.843 3000.000 0.000 -1.373
24 400.00 1200.00 20 463 76 0.843 2000.000 0.000 0.843 3000.000 0.000 -1.373
25 416.67 1200.00 25 463 90 0.843 2000.000 0.000 0.843 3000.000 0.000 -1.373
26 433.33 1200.00 16 486 93 0.843 2000.000 0.000 0.843 3000.000 0.000 -1.373
27 450.00 1200.00 24 502 108 0.843 2000.000 0.000 0.843 3000.000 0.000 -1.373
28 466.67 1200.00 24 455 140 0.843 2000.000 0.000 0.843 3000.000 0.000 -1.373
29 483.33 1200.00 34 488 129 0.843 2000.000 0.000 0.843 3000.000 0.000 -1.373
30 500.00 1200.00 28 525 143 0.843 2000.000 0.000 0.843 3000.000 0.000 -1.373
31 516.67 1200.00 48 490 136 0.843 2000.000 0.000 0.843 3000.000 0.000 -1.373
32 533.33 1200.00 52 515 131 0.843 2000.000 0.000 0.843 3000.000 0.000 -1.373
33 550.00 1200.00 60 445 100 0.843 2000.000 0.000 0.843 3000.000 0.000 -1.373
34 566.67 1200.00 46 505 104 0.843 2000.000 0.000 0.843 3000.000 0.000 -1.373
35 583.33 1200.00 55 501 74 0.843 2000.000 0.000 0.843 3000.000 0.000 -1.373
36 600.00 1200.00 51 458 83 0.843 2000.000 0.000 0.843 3000.000 0.000 -1.373
37 616.67 1200.00 60 445 61 0.843 2000.000 0.000 0.843 3000.000 0.000 -1.373
38 633.33 1200.00 55 396 54 0.843 2000.000 0.000 0.843 3000.000 0.000 -1.373
39 650.00 1200.00 42 433 44 0.843 2000.000 0.000 0.843 3000.000 0.000 -1.373
40 666.67 1200.00 50 414 39 0.843 2000.000 0.000 0.843 3000.000 0.000 -1.373
41 683.33 1200.00 32 390 35 0.843 2000.000 0.000 0.843 3000.000 0.000 -1.373
42 700.00 1200.00 30 388 35 0.843 2000.000 0.000 0.843 3000.000 0.000 -1.373
43 716.67 1200.00 36 350 37 0.843 2000.000 0.000 0.843 3000.000 0.000 -1.373
44 733.33 1200.00 40 358 34 0.843 2000.000 0.000 0.843 3000.000 0.000 -1.373
45 750.00 1200.00 39 412 53 0.843 2000.000 0.000 0.843 3000.000 0.000 -1.373
46 766.67 1200.00 33 397 62 0.843 2000.000 0.000 0.843 3000.000 0.000 -1.373
47 783.33 1200.00 32 443 82 0.843 2000.000 0.000 0.843 3000.000 0.000 -1.373
48 800.00 1200.00 36 464 95 0.843 2000.000 0.000 0.843 3000.000 0.000 -1.373
49 816.67 1200.00 32 481 102 0.843 2000.000 0.000 0.843 3000.000 0.000 -1.373
50 833.34 1200.00 34 471 115 0.843 2000.000 0.000 0.843 3000.000 0.000 -1.373
51 850.00 1200.00 36 496 121 0.843 2000.000 0.000 0.843 3000.000 0.000 -1.373
52 866.67 1200.00 29 523 119 0.843 2000.000 0.000 0.843 3000.000 0.000 -1.373
53 883.34 1200.00 23 526 121 0.843 2000.000 0.000 0.843 3000.000 0.000 -1.373
54 900.00 1200.00 33 501 140 0.843 2000.000 0.000 0.843 3000.000 0.000 -1.373
55 916.67 1200.00 34 525 108 0.843 2000.000 0.000 0.843 3000.000 0.000 -1.373
56 933.34 1200.00 35 549 105 0.843 2000.000 0.000 0.843 3000.000 0.000 -1.373
57 950.00 1200.00 32 519 106 0.843 2000.000 0.000 0.843 3000.000 0.000 -1.373
58 966.67 1200.00 34 512 105 0.843 2000.000 0.000 0.843 3000.000 0.000 -1.373
59 983.34 1200.00 24 476 60 0.843 2000.000 0.000 0.843 3000.000 0.000 -1.373
60 1000.00 1200.00 30 440 75 0.843 2000.000 0.000 0.843 3000.000 0.000 -1.373
61 1016.67 1200.00 31 461 78 0.843 2000.000 0.000 0.843 3000.000 0.000 -1.373
62 1033.34 1200.00 31 483 56 0.843 2000.000 0.000 0.843 3000.000 0.000 -1.373
63 1050.00 1200.00 25 402 54 0.843 2000.000 0.000 0.843 3000.000 0.000 -1.373
64 1066.67 1200.00 29 380 66 0.843 2000.000 0.000 0.843 3000.000 0.000 -1.373
65 1083.34 1200.00 35 385 69 0.843 2000.000 0.000 0.843 3000.000 0.000 -1.373
66 1100.00 1200.00 36 388 73 0.843 2000.000 0.000 0.843 3000.000 0.000 -1.373
67 1116.67 1200.00 36 402 74 0.843 2000.000 0.000 0.843 3000.000 0.000 -1.373
68 1133.34 1200.00 45 403 80 0.843 2000.000 0.000 0.843 3000.000 0.000 -1.373
69 1150.00 1200.00 47 404 84 0.843 2000.000 0.000 0.843 3000.000 0.000 -1.373
70 1166.67 1200.00 46 448 73 0.843 2000.000 0.000 0.843 3000.000 0.000 -1.373
71 1183.34 1200.00 54 444 74 0.843 2000.000 0.000 0.843 3000.000 0.000 -1.373
72 1200.00 1200.00 60 461 76 0.843 2000.000 0.000 0.843 3000.000 0.000 -1.373
73 1216.67 1200.00 66 445 74 0.843 2000.000 0.000 0.843 3000.000 0.000 -1.373
74 1233.34 1200.00 64 478 71 0.843 2000.000 0.000 0.843 3000.000 0.000 -1.373
75 1250.00 1200.00 53 541 52 0.843 2000.000 0.000 0.843 3000.000 0.000 -1.373
76 1266.67 1200.00 51 497 56 0.843 2000.000 0.000 0.843 3000.000 0.000 -1.373
77 1283.34 1200.00 46 447 64 0.843 2000.000 0.000 0.843 3000.000 0.000 -1.373
78 1300.00 1200.00 49 501 53 0.843 2000.000 0.000 0.843 3000.000 0.000 -1.373
79 1316.67 1200.00 30 500 60 0.843 2000.000 0.000 0.843 3000.000 0.000 -1.373
80 1333.34 1200.00 32 489 59 0.843 2000.000 0.000 0.843 3000.000 0.000 -1.373
81 1350.00 1200.00 31 463 45 0.843 2000.000 0.000 0.843 3000.000 0.000 -1.373
82 1366.67 1200.00 22 449 61 0.843 2000.000 0.000 0.843 3000.000 0.000 -1.373
83 1383.34 1200.00 23 443 68 0.843 2000.000 0.000 0.843 3000.000 0.000 -1.373
84 1400.00 1200.00 26 478 79 0.843 2000.000 0.000 0.843 3000.000 0.000 -1.373
85 1416.67 1200.00 20 505 85 0.843 2000.000 0.000 0.843 3000.000 0.000 -1.373
86 1433.34 1200.00 16 449 108 0.843 2000.000 0.000 0.843 3000.000 0.000 -1.373
87 1450.00 1200.00 28 494 131 0.843 2000.000 0.000 0.843 3000.000 0.000 -1.373
88 1466.67 1200.00 21 479 141 0.843 2000.000 0.000 0.843 3000.000 0.000 -1.373
89 1483.34 1200.00 18 460 117 0.843 2000.000 0.000 0.843 3000.000 0.000 -1.373
90 1500.00 1200.00 30 514 138 0.843 2000.000 0.000 0.843 3000.000 0.000 -1.373
91 1516.67 1200.00 47 520 135 0.843 2000.000 0.000 0.843 3000.000 0.000 -1.373
92 1533.34 1200.00 54 515 134 0.843 2000.000 0.000 0.843 3000.000 0.000 -1.373
93 1550.00 1200.00 47 490 130 0.843 2000.000 0.000 0.843 3000.000 0.000 -1.373
94 1566.67 1200.00 51 479 99 0.843 2000.000 0.000 0.843 3000.000 0.000 -1.373
95 1583.34 1200.00 58 501 74 0.843 2000.000 0.000 0.843 3000.000 0.000 -1.373
96 1600.00 1200.00 69 427 80 0.843 2000.000 0.000 0.843 3000.000 0.000 -1.373
97 1616.67 1200.00 46 440 57 0.843 2000.000 0.000 0.843 3000.000 0.000 -1.373
98 1633.34 1200.00 42 416 50 0.843 2000.000 0.000 0.843 3000.000 0.000 -1.373
99 1650.00 1200.00 51 414 34 0.843 2000.000 0.000 0.843 3000.000 0.000 -1.373
100 1666.67 1200.00 47 387 37 0.843 2000.000 0.000 0.843 3000.000 0.000 -1.373
101 1683.34 1200.00 41 371 59 0.843 2000.000 0.000 0.843 3000.000 0.000 -1.373
102 1700.00 1200.00 38 355 41 0.843 2000.000 0.000 0.843 3000.000 0.000 -1.373
103 1716.67 1200.00 28 381 47 0.843 2000.000 0.000 0.843 3000.000 0.000 -1.373
104 1733.34 1200.00 37 386 43 0.843 2000.000 0.000 0.843 3000.000 0.000 -1.373
105 1750.00 1200.00 34 389 39 0.843 2000.000 0.000 0.843 3000.000 0.000 -1.373
106 1766.67 1200.00 38 417 62 0.843 2000.000 0.000 0.843 3000.000 0.000 -1.373
107 1783.34 1200.00 36 403 81 0.843 2000.000 0.000 0.843 3000.000 0.000 -1.373
108 1800.00 1200.00 30 453 58 0.843 2000.000 0.000 0.843 3000.000 0.000 -1.373
109 1816.67 1200.00 36 412 104 0.843 2000.000 0.000 0.843 3000.000 0.000 -1.373
110 1833.34 1200.00 26 491 100 0.843 2000.000 0.000 0.843 3000.000 0.000 -1.373
111 1850.00 1200.00 30 510 123 0.843 2000.000 0.000 0.843 3000.000 0.000 -1.373
112 1866.67 1200.00 38 495 139 0.843 2000.000 0.000 0.843 3000.000 0.000 -1.373
113 1883.34 1200.00 45 494 125 0.843 2000.000 0.000 0.843 3000.000 0.000 -1.373
114 1900.00 1200.00 43 572 125 0.843 2000.000 0.000 0.843 3000.000 0.000 -1.373
115 1916.67 1200.00 31 538 111 0.843 2000.000 0.000 0.843 3000.000 0.000 -1.373
116 1933.34 1200.00 39 522 102 0.843 2000.000 0.000 0.843 3000.000 0.000 -1.373
117 1950.00 1200.00 29 506 105 0.843 2000.000 0.000 0.843 3000.000 0.000 -1.373
118 1966.67 1200.00 33 500 89 0.843 2000.000 0.000 0.843 3000.000 0.000 -1.373
119 1983.34 1200.00 27 462 83 0.843 2000.000 0.000 0.843 3000.000 0.000 -1.373
