* begin:	07/09/2023 17:07:38
* script file:	D:\data\Cycle 192ter\exp_3-16-14\rawdata\sc\TOF_A1_alpha_ifg.cfg
*
* no cfg file, sc file created manually
* 0	1.9995117	10.0	38548	2269	61043	81788	3776945262	40817	0.0000000	0.0000000
* Date: 07/09/2023	Time: 17:27
* Pulsetime (탎):0.000003	Looptime (탎): 434.000000	BinWidth (탎): 3.000000	BinCount: 145	measured time (s): 1200.002000
* Bin NR >>  탎  >>  rec.time  >>  Counts O  >>  Counts AUX
* begin of data:
0	0.00	1200.00	140	287
1	3.00	1200.00	318	578
2	6.00	1200.00	303	512
3	9.00	1200.00	285	546
4	12.00	1200.00	279	479
5	15.00	1200.00	279	470
6	18.00	1200.00	280	483
7	21.00	1200.00	240	477
8	24.00	1200.00	224	464
9	27.00	1200.00	248	518
10	30.00	1200.00	260	575
11	33.00	1200.00	241	603
12	36.00	1200.00	257	624
13	39.00	1200.00	250	618
14	42.00	1200.00	230	640
15	45.00	1200.00	250	614
16	48.00	1200.00	245	644
17	51.00	1200.00	273	678
18	54.00	1200.00	241	620
19	57.00	1200.00	235	630
20	60.00	1200.00	251	648
21	63.00	1200.00	237	656
22	66.00	1200.00	287	645
23	69.00	1200.00	276	623
24	72.00	1200.00	264	618
25	75.00	1200.00	269	603
26	78.00	1200.00	274	606
27	81.00	1200.00	261	562
28	84.00	1200.00	286	572
29	87.00	1200.00	251	548
30	90.00	1200.00	303	584
31	93.00	1200.00	254	512
32	96.00	1200.00	281	499
33	99.00	1200.00	294	517
34	102.00	1200.00	277	461
35	105.00	1200.00	284	460
36	108.00	1200.00	296	450
37	111.00	1200.00	289	448
38	114.00	1200.00	246	429
39	117.00	1200.00	262	478
40	120.00	1200.00	255	513
41	123.00	1200.00	261	513
42	126.00	1200.00	285	509
43	129.00	1200.00	268	491
44	132.00	1200.00	252	564
45	135.00	1200.00	231	575
46	138.00	1200.00	241	616
47	141.00	1200.00	270	586
48	144.00	1200.00	241	647
49	147.00	1200.00	242	649
50	150.00	1200.00	249	652
51	153.00	1200.00	232	669
52	156.00	1200.00	268	670
53	159.00	1200.00	223	689
54	162.00	1200.00	254	666
55	165.00	1200.00	256	637
56	168.00	1200.00	236	681
57	171.00	1200.00	259	638
58	174.00	1200.00	279	591
59	177.00	1200.00	240	575
60	180.00	1200.00	280	577
61	183.00	1200.00	295	596
62	186.00	1200.00	295	558
63	189.00	1200.00	260	525
64	192.00	1200.00	290	515
65	195.00	1200.00	289	454
66	198.00	1200.00	310	496
67	201.00	1200.00	268	444
68	204.00	1200.00	297	488
69	207.00	1200.00	270	441
70	210.00	1200.00	295	443
71	213.00	1200.00	259	466
72	216.00	1200.00	281	491
73	219.00	1200.00	270	486
74	222.00	1200.00	256	535
75	225.00	1200.00	279	539
76	228.00	1200.00	280	581
77	231.00	1200.00	245	522
78	234.00	1200.00	265	578
79	237.00	1200.00	243	560
80	240.00	1200.00	242	630
81	243.00	1200.00	245	607
82	246.00	1200.00	250	615
83	249.00	1200.00	252	626
84	252.00	1200.00	283	640
85	255.00	1200.00	260	641
86	258.00	1200.00	291	663
87	261.00	1200.00	271	653
88	264.00	1200.00	277	601
89	267.00	1200.00	289	621
90	270.00	1200.00	275	650
91	273.00	1200.00	274	581
92	276.00	1200.00	261	645
93	279.00	1200.00	232	596
94	282.00	1200.00	261	584
95	285.00	1200.00	266	538
96	288.00	1200.00	242	563
97	291.00	1200.00	236	540
98	294.00	1200.00	251	550
99	297.00	1200.00	283	486
100	300.00	1200.00	281	502
101	303.00	1200.00	276	472
102	306.00	1200.00	261	449
103	309.00	1200.00	283	436
104	312.00	1200.00	272	453
105	315.00	1200.00	283	449
106	318.00	1200.00	261	462
107	321.00	1200.00	307	472
108	324.00	1200.00	321	532
109	327.00	1200.00	283	532
110	330.00	1200.00	277	520
111	333.00	1200.00	304	541
112	336.00	1200.00	292	586
113	339.00	1200.00	277	607
114	342.00	1200.00	302	595
115	345.00	1200.00	281	674
116	348.00	1200.00	290	640
117	351.00	1200.00	256	636
118	354.00	1200.00	251	635
119	357.00	1200.00	240	679
120	360.00	1200.00	268	626
121	363.00	1200.00	260	681
122	366.00	1200.00	241	609
123	369.00	1200.00	250	641
124	372.00	1200.00	249	633
125	375.00	1200.00	234	618
126	378.00	1200.00	246	600
127	381.00	1200.00	237	583
128	384.00	1200.00	244	547
129	387.00	1200.00	207	553
130	390.00	1200.00	257	537
131	393.00	1200.00	273	517
132	396.00	1200.00	246	525
133	399.00	1200.00	233	468
134	402.00	1200.00	279	505
135	405.00	1200.00	286	479
136	408.00	1200.00	271	498
137	411.00	1200.00	287	552
138	414.00	1200.00	277	565
139	417.00	1200.00	290	589
140	420.00	1200.00	296	629
141	423.00	1200.00	275	621
142	426.00	1200.00	300	586
143	429.00	1200.00	276	573
144	432.00	1200.00	300	645
* remarks:	room to enter remarks
*
* 1	-1.9885254	10.0	516	2269	61043	814	3776945294	2785	0.0000000	0.0000000
* Date: 07/09/2023	Time: 17:28
* Pulsetime (탎):0.000003	Looptime (탎): 434.000000	BinWidth (탎): 3.000000	BinCount: 145	measured time (s): 20.004000
* Bin NR >>  탎  >>  rec.time  >>  Counts O  >>  Counts AUX
* begin of data:
0	0.00	20.00	8	1
1	3.00	20.00	2	3
2	6.00	20.00	4	4
3	9.00	20.00	5	5
4	12.00	20.00	2	4
5	15.00	20.00	4	6
6	18.00	20.00	3	5
7	21.00	20.00	1	7
8	24.00	20.00	3	3
9	27.00	20.00	4	2
10	30.00	20.00	6	10
11	33.00	20.00	3	5
12	36.00	20.00	2	8
13	39.00	20.00	4	6
14	42.00	20.00	5	4
15	45.00	20.00	4	6
16	48.00	20.00	2	3
17	51.00	20.00	3	6
18	54.00	20.00	3	5
19	57.00	20.00	2	7
20	60.00	20.00	3	8
21	63.00	20.00	3	5
22	66.00	20.00	2	9
23	69.00	20.00	0	7
24	72.00	20.00	2	5
25	75.00	20.00	3	6
26	78.00	20.00	6	5
27	81.00	20.00	4	8
28	84.00	20.00	5	16
29	87.00	20.00	1	7
30	90.00	20.00	3	6
31	93.00	20.00	2	6
32	96.00	20.00	8	3
33	99.00	20.00	4	7
34	102.00	20.00	5	6
35	105.00	20.00	3	9
36	108.00	20.00	6	6
37	111.00	20.00	2	2
38	114.00	20.00	5	2
39	117.00	20.00	2	13
40	120.00	20.00	3	2
41	123.00	20.00	2	2
42	126.00	20.00	6	5
43	129.00	20.00	5	3
44	132.00	20.00	1	3
45	135.00	20.00	5	3
46	138.00	20.00	3	3
47	141.00	20.00	4	5
48	144.00	20.00	4	2
49	147.00	20.00	4	2
50	150.00	20.00	2	6
51	153.00	20.00	4	4
52	156.00	20.00	2	2
53	159.00	20.00	3	3
54	162.00	20.00	3	3
55	165.00	20.00	1	5
56	168.00	20.00	2	5
57	171.00	20.00	4	11
58	174.00	20.00	4	4
59	177.00	20.00	4	3
60	180.00	20.00	2	10
61	183.00	20.00	5	10
62	186.00	20.00	4	15
63	189.00	20.00	1	4
64	192.00	20.00	3	16
65	195.00	20.00	4	10
66	198.00	20.00	0	9
67	201.00	20.00	4	2
68	204.00	20.00	6	12
69	207.00	20.00	3	9
70	210.00	20.00	2	10
71	213.00	20.00	1	5
72	216.00	20.00	4	8
73	219.00	20.00	5	2
74	222.00	20.00	3	4
75	225.00	20.00	7	4
76	228.00	20.00	3	6
77	231.00	20.00	4	2
78	234.00	20.00	3	4
79	237.00	20.00	2	1
80	240.00	20.00	3	8
81	243.00	20.00	7	3
82	246.00	20.00	4	2
83	249.00	20.00	5	1
84	252.00	20.00	5	5
85	255.00	20.00	3	0
86	258.00	20.00	10	7
87	261.00	20.00	3	8
88	264.00	20.00	4	4
89	267.00	20.00	1	1
90	270.00	20.00	6	9
91	273.00	20.00	3	5
92	276.00	20.00	4	8
93	279.00	20.00	3	14
94	282.00	20.00	4	6
95	285.00	20.00	0	7
96	288.00	20.00	3	6
97	291.00	20.00	3	6
98	294.00	20.00	4	6
99	297.00	20.00	5	5
100	300.00	20.00	2	6
101	303.00	20.00	4	3
102	306.00	20.00	4	4
103	309.00	20.00	5	4
104	312.00	20.00	5	8
105	315.00	20.00	2	6
106	318.00	20.00	7	6
107	321.00	20.00	3	4
108	324.00	20.00	1	4
109	327.00	20.00	5	3
110	330.00	20.00	2	3
111	333.00	20.00	5	3
112	336.00	20.00	3	7
113	339.00	20.00	4	3
114	342.00	20.00	5	8
115	345.00	20.00	5	3
116	348.00	20.00	6	4
117	351.00	20.00	3	6
118	354.00	20.00	4	4
119	357.00	20.00	6	4
120	360.00	20.00	8	7
121	363.00	20.00	4	7
122	366.00	20.00	5	5
123	369.00	20.00	2	5
124	372.00	20.00	2	4
125	375.00	20.00	1	4
126	378.00	20.00	8	7
127	381.00	20.00	3	11
128	384.00	20.00	6	10
129	387.00	20.00	4	8
130	390.00	20.00	2	6
131	393.00	20.00	0	10
132	396.00	20.00	2	7
133	399.00	20.00	3	5
134	402.00	20.00	1	10
135	405.00	20.00	2	8
136	408.00	20.00	1	11
137	411.00	20.00	1	5
138	414.00	20.00	6	5
139	417.00	20.00	4	3
140	420.00	20.00	4	4
141	423.00	20.00	4	2
142	426.00	20.00	5	4
143	429.00	20.00	2	5
144	432.00	20.00	3	1
* 2	-1.8017578	10.0	279	2269	61043	331	3776945321	2548	0.0000000	0.0000000
* Date: 07/09/2023	Time: 17:28
* Pulsetime (탎):0.000003	Looptime (탎): 434.000000	BinWidth (탎): 3.000000	BinCount: 145	measured time (s): 20.001000
* Bin NR >>  탎  >>  rec.time  >>  Counts O  >>  Counts AUX
* begin of data:
0	0.00	20.00	1	1
1	3.00	20.00	0	1
2	6.00	20.00	2	2
3	9.00	20.00	0	3
4	12.00	20.00	1	2
5	15.00	20.00	3	2
6	18.00	20.00	2	1
7	21.00	20.00	3	4
8	24.00	20.00	2	3
9	27.00	20.00	2	2
10	30.00	20.00	2	3
11	33.00	20.00	2	2
12	36.00	20.00	2	3
13	39.00	20.00	1	1
14	42.00	20.00	3	1
15	45.00	20.00	2	3
16	48.00	20.00	2	0
17	51.00	20.00	1	2
18	54.00	20.00	2	4
19	57.00	20.00	2	1
20	60.00	20.00	2	2
21	63.00	20.00	2	1
22	66.00	20.00	1	2
23	69.00	20.00	1	0
24	72.00	20.00	1	1
25	75.00	20.00	3	6
26	78.00	20.00	1	2
27	81.00	20.00	1	2
28	84.00	20.00	4	3
29	87.00	20.00	0	2
30	90.00	20.00	0	2
31	93.00	20.00	2	4
32	96.00	20.00	2	6
33	99.00	20.00	4	3
34	102.00	20.00	2	3
35	105.00	20.00	6	4
36	108.00	20.00	3	3
37	111.00	20.00	3	1
38	114.00	20.00	0	0
39	117.00	20.00	2	1
40	120.00	20.00	2	1
41	123.00	20.00	1	1
42	126.00	20.00	0	3
43	129.00	20.00	1	1
44	132.00	20.00	2	5
45	135.00	20.00	1	4
46	138.00	20.00	2	0
47	141.00	20.00	4	4
48	144.00	20.00	1	2
49	147.00	20.00	0	4
50	150.00	20.00	1	2
51	153.00	20.00	2	2
52	156.00	20.00	2	0
53	159.00	20.00	2	2
54	162.00	20.00	3	1
55	165.00	20.00	0	3
56	168.00	20.00	1	3
57	171.00	20.00	0	1
58	174.00	20.00	2	1
59	177.00	20.00	3	5
60	180.00	20.00	1	9
61	183.00	20.00	3	2
62	186.00	20.00	1	4
63	189.00	20.00	3	3
64	192.00	20.00	3	3
65	195.00	20.00	1	6
66	198.00	20.00	4	6
67	201.00	20.00	2	6
68	204.00	20.00	2	2
69	207.00	20.00	0	1
70	210.00	20.00	3	3
71	213.00	20.00	3	2
72	216.00	20.00	5	2
73	219.00	20.00	4	3
74	222.00	20.00	5	0
75	225.00	20.00	2	1
76	228.00	20.00	1	2
77	231.00	20.00	3	2
78	234.00	20.00	4	1
79	237.00	20.00	2	0
80	240.00	20.00	0	4
81	243.00	20.00	2	2
82	246.00	20.00	4	5
83	249.00	20.00	3	1
84	252.00	20.00	3	1
85	255.00	20.00	0	0
86	258.00	20.00	4	0
87	261.00	20.00	1	1
88	264.00	20.00	2	2
89	267.00	20.00	3	4
90	270.00	20.00	3	6
91	273.00	20.00	5	2
92	276.00	20.00	2	1
93	279.00	20.00	2	4
94	282.00	20.00	1	6
95	285.00	20.00	3	3
96	288.00	20.00	3	1
97	291.00	20.00	1	6
98	294.00	20.00	2	1
99	297.00	20.00	4	1
100	300.00	20.00	0	3
101	303.00	20.00	2	2
102	306.00	20.00	1	1
103	309.00	20.00	3	1
104	312.00	20.00	0	0
105	315.00	20.00	1	3
106	318.00	20.00	3	0
107	321.00	20.00	1	1
108	324.00	20.00	2	4
109	327.00	20.00	1	1
110	330.00	20.00	5	2
111	333.00	20.00	1	0
112	336.00	20.00	1	0
113	339.00	20.00	3	1
114	342.00	20.00	2	1
115	345.00	20.00	3	1
116	348.00	20.00	0	0
117	351.00	20.00	3	2
118	354.00	20.00	1	4
119	357.00	20.00	2	2
120	360.00	20.00	2	4
121	363.00	20.00	1	2
122	366.00	20.00	1	3
123	369.00	20.00	1	1
124	372.00	20.00	1	2
125	375.00	20.00	4	2
126	378.00	20.00	0	5
127	381.00	20.00	1	2
128	384.00	20.00	1	2
129	387.00	20.00	2	6
130	390.00	20.00	0	2
131	393.00	20.00	0	2
132	396.00	20.00	1	4
133	399.00	20.00	4	0
134	402.00	20.00	3	1
135	405.00	20.00	1	0
136	408.00	20.00	0	3
137	411.00	20.00	2	2
138	414.00	20.00	3	5
139	417.00	20.00	3	2
140	420.00	20.00	1	1
141	423.00	20.00	3	1
142	426.00	20.00	2	1
143	429.00	20.00	0	4
144	432.00	20.00	2	2
* 3	-1.6149902	10.0	175	2269	61043	298	3776945349	2444	0.0000000	0.0000000
* Date: 07/09/2023	Time: 17:29
* Pulsetime (탎):0.000003	Looptime (탎): 434.000000	BinWidth (탎): 3.000000	BinCount: 145	measured time (s): 20.007000
* Bin NR >>  탎  >>  rec.time  >>  Counts O  >>  Counts AUX
* begin of data:
0	0.00	20.01	0	1
1	3.00	20.01	2	1
2	6.00	20.01	3	2
3	9.00	20.01	0	2
4	12.00	20.01	5	3
5	15.00	20.01	1	0
6	18.00	20.01	1	3
7	21.00	20.01	5	6
8	24.00	20.01	2	2
9	27.00	20.01	1	1
10	30.00	20.01	0	2
11	33.00	20.01	2	1
12	36.00	20.01	1	1
13	39.00	20.01	0	2
14	42.00	20.01	1	2
15	45.00	20.01	0	4
16	48.00	20.01	0	1
17	51.00	20.01	4	3
18	54.00	20.01	1	3
19	57.00	20.01	2	2
20	60.00	20.01	0	0
21	63.00	20.01	2	5
22	66.00	20.01	2	1
23	69.00	20.01	1	0
24	72.00	20.01	1	0
25	75.00	20.01	2	2
26	78.00	20.01	0	1
27	81.00	20.01	2	2
28	84.00	20.01	1	1
29	87.00	20.01	2	2
30	90.00	20.01	3	3
31	93.00	20.01	1	2
32	96.00	20.01	1	2
33	99.00	20.01	3	0
34	102.00	20.01	2	1
35	105.00	20.01	1	2
36	108.00	20.01	1	2
37	111.00	20.01	1	0
38	114.00	20.01	1	3
39	117.00	20.01	1	2
40	120.00	20.01	0	1
41	123.00	20.01	1	2
42	126.00	20.01	1	2
43	129.00	20.01	1	1
44	132.00	20.01	1	2
45	135.00	20.01	3	1
46	138.00	20.01	0	1
47	141.00	20.01	0	3
48	144.00	20.01	2	1
49	147.00	20.01	1	1
50	150.00	20.01	0	4
51	153.00	20.01	0	1
52	156.00	20.01	1	1
53	159.00	20.01	1	2
54	162.00	20.01	2	2
55	165.00	20.01	2	3
56	168.00	20.01	1	3
57	171.00	20.01	1	1
58	174.00	20.01	1	2
59	177.00	20.01	0	1
60	180.00	20.01	0	2
61	183.00	20.01	0	1
62	186.00	20.01	1	2
63	189.00	20.01	2	5
64	192.00	20.01	2	4
65	195.00	20.01	1	2
66	198.00	20.01	0	4
67	201.00	20.01	1	1
68	204.00	20.01	0	0
69	207.00	20.01	1	1
70	210.00	20.01	2	2
71	213.00	20.01	0	1
72	216.00	20.01	0	2
73	219.00	20.01	0	3
74	222.00	20.01	2	2
75	225.00	20.01	1	3
76	228.00	20.01	1	2
77	231.00	20.01	1	0
78	234.00	20.01	2	1
79	237.00	20.01	1	4
80	240.00	20.01	0	1
81	243.00	20.01	0	3
82	246.00	20.01	2	5
83	249.00	20.01	1	5
84	252.00	20.01	0	7
85	255.00	20.01	2	1
86	258.00	20.01	3	1
87	261.00	20.01	0	2
88	264.00	20.01	1	1
89	267.00	20.01	3	0
90	270.00	20.01	1	2
91	273.00	20.01	3	1
92	276.00	20.01	1	2
93	279.00	20.01	1	1
94	282.00	20.01	1	3
95	285.00	20.01	3	1
96	288.00	20.01	0	1
97	291.00	20.01	0	2
98	294.00	20.01	0	1
99	297.00	20.01	1	2
100	300.00	20.01	1	3
101	303.00	20.01	2	1
102	306.00	20.01	2	3
103	309.00	20.01	0	1
104	312.00	20.01	2	2
105	315.00	20.01	1	1
106	318.00	20.01	1	4
107	321.00	20.01	4	4
108	324.00	20.01	1	1
109	327.00	20.01	1	2
110	330.00	20.01	0	3
111	333.00	20.01	0	2
112	336.00	20.01	0	0
113	339.00	20.01	2	1
114	342.00	20.01	0	4
115	345.00	20.01	0	4
116	348.00	20.01	1	3
117	351.00	20.01	0	2
118	354.00	20.01	1	2
119	357.00	20.01	1	6
120	360.00	20.01	3	1
121	363.00	20.01	0	2
122	366.00	20.01	2	1
123	369.00	20.01	1	1
124	372.00	20.01	4	1
125	375.00	20.01	0	2
126	378.00	20.01	0	2
127	381.00	20.01	2	4
128	384.00	20.01	0	2
129	387.00	20.01	0	3
130	390.00	20.01	3	4
131	393.00	20.01	2	3
132	396.00	20.01	1	0
133	399.00	20.01	2	1
134	402.00	20.01	2	1
135	405.00	20.01	4	2
136	408.00	20.01	1	2
137	411.00	20.01	0	3
138	414.00	20.01	2	2
139	417.00	20.01	0	4
140	420.00	20.01	3	2
141	423.00	20.01	0	3
142	426.00	20.01	0	4
143	429.00	20.01	1	4
144	432.00	20.01	2	3
* 4	-1.3842773	10.0	222	2269	61043	639	3776945377	2491	0.0000000	0.0000000
* Date: 07/09/2023	Time: 17:29
* Pulsetime (탎):0.000003	Looptime (탎): 434.000000	BinWidth (탎): 3.000000	BinCount: 145	measured time (s): 20.001000
* Bin NR >>  탎  >>  rec.time  >>  Counts O  >>  Counts AUX
* begin of data:
0	0.00	20.00	0	6
1	3.00	20.00	2	4
2	6.00	20.00	1	7
3	9.00	20.00	4	4
4	12.00	20.00	3	4
5	15.00	20.00	2	4
6	18.00	20.00	1	1
7	21.00	20.00	0	6
8	24.00	20.00	1	7
9	27.00	20.00	1	3
10	30.00	20.00	1	4
11	33.00	20.00	1	5
12	36.00	20.00	1	7
13	39.00	20.00	1	11
14	42.00	20.00	2	4
15	45.00	20.00	2	6
16	48.00	20.00	1	5
17	51.00	20.00	3	6
18	54.00	20.00	2	6
19	57.00	20.00	0	5
20	60.00	20.00	4	4
21	63.00	20.00	3	2
22	66.00	20.00	0	6
23	69.00	20.00	0	3
24	72.00	20.00	1	3
25	75.00	20.00	0	4
26	78.00	20.00	1	5
27	81.00	20.00	2	1
28	84.00	20.00	1	6
29	87.00	20.00	0	3
30	90.00	20.00	1	0
31	93.00	20.00	0	4
32	96.00	20.00	2	6
33	99.00	20.00	2	4
34	102.00	20.00	1	8
35	105.00	20.00	0	4
36	108.00	20.00	2	1
37	111.00	20.00	0	5
38	114.00	20.00	2	5
39	117.00	20.00	1	4
40	120.00	20.00	0	1
41	123.00	20.00	3	4
42	126.00	20.00	3	7
43	129.00	20.00	5	5
44	132.00	20.00	2	4
45	135.00	20.00	0	3
46	138.00	20.00	1	8
47	141.00	20.00	1	7
48	144.00	20.00	2	1
49	147.00	20.00	2	8
50	150.00	20.00	4	3
51	153.00	20.00	1	3
52	156.00	20.00	1	6
53	159.00	20.00	2	7
54	162.00	20.00	6	5
55	165.00	20.00	1	4
56	168.00	20.00	3	6
57	171.00	20.00	1	5
58	174.00	20.00	2	0
59	177.00	20.00	2	2
60	180.00	20.00	1	5
61	183.00	20.00	0	0
62	186.00	20.00	2	2
63	189.00	20.00	1	3
64	192.00	20.00	3	3
65	195.00	20.00	3	2
66	198.00	20.00	0	2
67	201.00	20.00	2	4
68	204.00	20.00	1	3
69	207.00	20.00	0	2
70	210.00	20.00	1	5
71	213.00	20.00	1	5
72	216.00	20.00	3	1
73	219.00	20.00	1	2
74	222.00	20.00	2	3
75	225.00	20.00	2	3
76	228.00	20.00	2	13
77	231.00	20.00	2	8
78	234.00	20.00	1	7
79	237.00	20.00	1	4
80	240.00	20.00	0	9
81	243.00	20.00	4	11
82	246.00	20.00	0	2
83	249.00	20.00	0	3
84	252.00	20.00	0	5
85	255.00	20.00	1	2
86	258.00	20.00	1	6
87	261.00	20.00	2	8
88	264.00	20.00	2	3
89	267.00	20.00	2	1
90	270.00	20.00	4	2
91	273.00	20.00	2	4
92	276.00	20.00	0	3
93	279.00	20.00	0	1
94	282.00	20.00	0	2
95	285.00	20.00	2	3
96	288.00	20.00	1	3
97	291.00	20.00	1	5
98	294.00	20.00	1	4
99	297.00	20.00	1	2
100	300.00	20.00	0	5
101	303.00	20.00	1	1
102	306.00	20.00	6	5
103	309.00	20.00	1	6
104	312.00	20.00	2	3
105	315.00	20.00	2	4
106	318.00	20.00	2	13
107	321.00	20.00	2	7
108	324.00	20.00	1	8
109	327.00	20.00	2	7
110	330.00	20.00	3	6
111	333.00	20.00	1	7
112	336.00	20.00	0	6
113	339.00	20.00	1	9
114	342.00	20.00	1	4
115	345.00	20.00	1	6
116	348.00	20.00	2	6
117	351.00	20.00	1	7
118	354.00	20.00	1	5
119	357.00	20.00	2	4
120	360.00	20.00	2	8
121	363.00	20.00	0	4
122	366.00	20.00	2	4
123	369.00	20.00	0	3
124	372.00	20.00	3	7
125	375.00	20.00	4	2
126	378.00	20.00	1	2
127	381.00	20.00	1	4
128	384.00	20.00	0	1
129	387.00	20.00	1	2
130	390.00	20.00	1	3
131	393.00	20.00	2	1
132	396.00	20.00	2	6
133	399.00	20.00	3	2
134	402.00	20.00	1	0
135	405.00	20.00	2	4
136	408.00	20.00	3	4
137	411.00	20.00	1	3
138	414.00	20.00	2	7
139	417.00	20.00	3	1
140	420.00	20.00	1	1
141	423.00	20.00	1	2
142	426.00	20.00	1	4
143	429.00	20.00	3	5
144	432.00	20.00	3	8
* 5	-1.1865234	10.0	322	2269	61043	1109	3776945404	2591	0.0000000	0.0000000
* Date: 07/09/2023	Time: 17:30
* Pulsetime (탎):0.000003	Looptime (탎): 434.000000	BinWidth (탎): 3.000000	BinCount: 145	measured time (s): 20.015000
* Bin NR >>  탎  >>  rec.time  >>  Counts O  >>  Counts AUX
* begin of data:
0	0.00	20.02	1	5
1	3.00	20.02	4	9
2	6.00	20.02	4	3
3	9.00	20.02	0	10
4	12.00	20.02	1	9
5	15.00	20.02	1	8
6	18.00	20.02	3	8
7	21.00	20.02	0	5
8	24.00	20.02	3	3
9	27.00	20.02	2	3
10	30.00	20.02	0	7
11	33.00	20.02	0	10
12	36.00	20.02	1	8
13	39.00	20.02	2	14
14	42.00	20.02	1	11
15	45.00	20.02	1	9
16	48.00	20.02	7	6
17	51.00	20.02	3	7
18	54.00	20.02	4	14
19	57.00	20.02	1	8
20	60.00	20.02	6	1
21	63.00	20.02	0	5
22	66.00	20.02	1	4
23	69.00	20.02	1	6
24	72.00	20.02	4	5
25	75.00	20.02	2	3
26	78.00	20.02	1	9
27	81.00	20.02	1	6
28	84.00	20.02	2	4
29	87.00	20.02	1	7
30	90.00	20.02	0	9
31	93.00	20.02	3	7
32	96.00	20.02	4	7
33	99.00	20.02	3	11
34	102.00	20.02	0	8
35	105.00	20.02	6	5
36	108.00	20.02	1	6
37	111.00	20.02	1	4
38	114.00	20.02	0	9
39	117.00	20.02	3	4
40	120.00	20.02	1	7
41	123.00	20.02	1	10
42	126.00	20.02	0	9
43	129.00	20.02	1	9
44	132.00	20.02	5	7
45	135.00	20.02	3	6
46	138.00	20.02	3	4
47	141.00	20.02	2	16
48	144.00	20.02	0	10
49	147.00	20.02	0	12
50	150.00	20.02	2	11
51	153.00	20.02	5	12
52	156.00	20.02	1	10
53	159.00	20.02	6	3
54	162.00	20.02	3	8
55	165.00	20.02	4	11
56	168.00	20.02	2	4
57	171.00	20.02	3	9
58	174.00	20.02	3	7
59	177.00	20.02	4	7
60	180.00	20.02	2	3
61	183.00	20.02	0	7
62	186.00	20.02	1	5
63	189.00	20.02	1	7
64	192.00	20.02	0	0
65	195.00	20.02	4	4
66	198.00	20.02	4	8
67	201.00	20.02	3	8
68	204.00	20.02	1	13
69	207.00	20.02	1	12
70	210.00	20.02	2	5
71	213.00	20.02	1	7
72	216.00	20.02	2	13
73	219.00	20.02	3	5
74	222.00	20.02	1	5
75	225.00	20.02	0	10
76	228.00	20.02	1	13
77	231.00	20.02	1	9
78	234.00	20.02	0	11
79	237.00	20.02	2	9
80	240.00	20.02	1	4
81	243.00	20.02	3	8
82	246.00	20.02	1	10
83	249.00	20.02	3	11
84	252.00	20.02	3	11
85	255.00	20.02	3	12
86	258.00	20.02	3	14
87	261.00	20.02	3	10
88	264.00	20.02	1	6
89	267.00	20.02	1	8
90	270.00	20.02	3	7
91	273.00	20.02	3	5
92	276.00	20.02	1	4
93	279.00	20.02	4	3
94	282.00	20.02	2	10
95	285.00	20.02	1	5
96	288.00	20.02	2	8
97	291.00	20.02	2	7
98	294.00	20.02	2	7
99	297.00	20.02	2	9
100	300.00	20.02	4	6
101	303.00	20.02	2	3
102	306.00	20.02	2	3
103	309.00	20.02	2	2
104	312.00	20.02	2	6
105	315.00	20.02	3	4
106	318.00	20.02	5	8
107	321.00	20.02	1	10
108	324.00	20.02	3	8
109	327.00	20.02	3	10
110	330.00	20.02	5	8
111	333.00	20.02	1	12
112	336.00	20.02	1	7
113	339.00	20.02	4	11
114	342.00	20.02	2	8
115	345.00	20.02	0	10
116	348.00	20.02	0	12
117	351.00	20.02	3	7
118	354.00	20.02	1	10
119	357.00	20.02	1	8
120	360.00	20.02	0	4
121	363.00	20.02	1	7
122	366.00	20.02	2	8
123	369.00	20.02	4	12
124	372.00	20.02	0	9
125	375.00	20.02	1	10
126	378.00	20.02	5	3
127	381.00	20.02	4	4
128	384.00	20.02	2	4
129	387.00	20.02	3	8
130	390.00	20.02	0	4
131	393.00	20.02	4	8
132	396.00	20.02	4	9
133	399.00	20.02	3	9
134	402.00	20.02	3	4
135	405.00	20.02	5	5
136	408.00	20.02	3	3
137	411.00	20.02	5	16
138	414.00	20.02	5	16
139	417.00	20.02	1	5
140	420.00	20.02	2	9
141	423.00	20.02	3	4
142	426.00	20.02	4	11
143	429.00	20.02	5	7
144	432.00	20.02	5	11
* 6	-0.9997559	10.0	547	2269	61043	1839	3776945432	2816	0.0000000	0.0000000
* Date: 07/09/2023	Time: 17:30
* Pulsetime (탎):0.000003	Looptime (탎): 434.000000	BinWidth (탎): 3.000000	BinCount: 145	measured time (s): 20.001000
* Bin NR >>  탎  >>  rec.time  >>  Counts O  >>  Counts AUX
* begin of data:
0	0.00	20.00	1	4
1	3.00	20.00	4	11
2	6.00	20.00	5	19
3	9.00	20.00	7	20
4	12.00	20.00	2	14
5	15.00	20.00	4	14
6	18.00	20.00	3	14
7	21.00	20.00	0	6
8	24.00	20.00	3	14
9	27.00	20.00	1	11
10	30.00	20.00	2	18
11	33.00	20.00	2	17
12	36.00	20.00	3	8
13	39.00	20.00	3	8
14	42.00	20.00	1	16
15	45.00	20.00	3	14
16	48.00	20.00	1	13
17	51.00	20.00	4	15
18	54.00	20.00	7	14
19	57.00	20.00	5	18
20	60.00	20.00	3	18
21	63.00	20.00	3	12
22	66.00	20.00	7	11
23	69.00	20.00	4	20
24	72.00	20.00	4	10
25	75.00	20.00	8	15
26	78.00	20.00	6	16
27	81.00	20.00	5	11
28	84.00	20.00	5	15
29	87.00	20.00	5	9
30	90.00	20.00	1	12
31	93.00	20.00	7	7
32	96.00	20.00	4	13
33	99.00	20.00	5	6
34	102.00	20.00	3	13
35	105.00	20.00	3	7
36	108.00	20.00	2	10
37	111.00	20.00	3	13
38	114.00	20.00	2	14
39	117.00	20.00	3	9
40	120.00	20.00	1	19
41	123.00	20.00	5	10
42	126.00	20.00	3	16
43	129.00	20.00	4	12
44	132.00	20.00	1	9
45	135.00	20.00	5	13
46	138.00	20.00	2	15
47	141.00	20.00	4	10
48	144.00	20.00	3	10
49	147.00	20.00	1	17
50	150.00	20.00	1	15
51	153.00	20.00	3	17
52	156.00	20.00	5	11
53	159.00	20.00	2	15
54	162.00	20.00	9	16
55	165.00	20.00	4	15
56	168.00	20.00	4	10
57	171.00	20.00	1	8
58	174.00	20.00	4	14
59	177.00	20.00	1	9
60	180.00	20.00	4	17
61	183.00	20.00	5	14
62	186.00	20.00	3	15
63	189.00	20.00	5	10
64	192.00	20.00	10	11
65	195.00	20.00	5	13
66	198.00	20.00	2	9
67	201.00	20.00	3	13
68	204.00	20.00	6	7
69	207.00	20.00	4	10
70	210.00	20.00	2	7
71	213.00	20.00	3	12
72	216.00	20.00	2	8
73	219.00	20.00	1	12
74	222.00	20.00	7	13
75	225.00	20.00	3	13
76	228.00	20.00	5	14
77	231.00	20.00	3	15
78	234.00	20.00	3	11
79	237.00	20.00	2	12
80	240.00	20.00	4	15
81	243.00	20.00	6	16
82	246.00	20.00	0	15
83	249.00	20.00	5	15
84	252.00	20.00	0	13
85	255.00	20.00	3	16
86	258.00	20.00	6	13
87	261.00	20.00	5	18
88	264.00	20.00	6	9
89	267.00	20.00	5	13
90	270.00	20.00	4	10
91	273.00	20.00	4	14
92	276.00	20.00	2	19
93	279.00	20.00	3	3
94	282.00	20.00	2	7
95	285.00	20.00	4	8
96	288.00	20.00	1	11
97	291.00	20.00	1	16
98	294.00	20.00	7	11
99	297.00	20.00	3	13
100	300.00	20.00	2	13
101	303.00	20.00	6	11
102	306.00	20.00	7	17
103	309.00	20.00	5	17
104	312.00	20.00	3	7
105	315.00	20.00	4	17
106	318.00	20.00	4	6
107	321.00	20.00	6	8
108	324.00	20.00	3	12
109	327.00	20.00	7	11
110	330.00	20.00	11	10
111	333.00	20.00	3	14
112	336.00	20.00	1	18
113	339.00	20.00	5	11
114	342.00	20.00	6	17
115	345.00	20.00	4	7
116	348.00	20.00	4	13
117	351.00	20.00	7	21
118	354.00	20.00	3	20
119	357.00	20.00	3	19
120	360.00	20.00	8	17
121	363.00	20.00	7	10
122	366.00	20.00	2	9
123	369.00	20.00	3	17
124	372.00	20.00	3	9
125	375.00	20.00	3	10
126	378.00	20.00	2	5
127	381.00	20.00	5	13
128	384.00	20.00	3	8
129	387.00	20.00	2	15
130	390.00	20.00	4	13
131	393.00	20.00	3	9
132	396.00	20.00	6	10
133	399.00	20.00	0	17
134	402.00	20.00	1	14
135	405.00	20.00	7	12
136	408.00	20.00	4	14
137	411.00	20.00	6	11
138	414.00	20.00	7	14
139	417.00	20.00	2	14
140	420.00	20.00	3	14
141	423.00	20.00	4	12
142	426.00	20.00	2	17
143	429.00	20.00	4	13
144	432.00	20.00	6	10
* 7	-0.8020020	10.0	773	2269	61043	2297	3776945460	3042	0.0000000	0.0000000
* Date: 07/09/2023	Time: 17:31
* Pulsetime (탎):0.000003	Looptime (탎): 434.000000	BinWidth (탎): 3.000000	BinCount: 145	measured time (s): 20.002000
* Bin NR >>  탎  >>  rec.time  >>  Counts O  >>  Counts AUX
* begin of data:
0	0.00	20.00	3	13
1	3.00	20.00	4	17
2	6.00	20.00	6	7
3	9.00	20.00	3	15
4	12.00	20.00	4	16
5	15.00	20.00	3	12
6	18.00	20.00	4	24
7	21.00	20.00	3	13
8	24.00	20.00	3	12
9	27.00	20.00	7	18
10	30.00	20.00	3	13
11	33.00	20.00	6	16
12	36.00	20.00	3	7
13	39.00	20.00	10	23
14	42.00	20.00	3	16
15	45.00	20.00	3	19
16	48.00	20.00	7	14
17	51.00	20.00	2	14
18	54.00	20.00	7	15
19	57.00	20.00	3	18
20	60.00	20.00	3	12
21	63.00	20.00	8	20
22	66.00	20.00	11	18
23	69.00	20.00	7	13
24	72.00	20.00	6	16
25	75.00	20.00	2	13
26	78.00	20.00	6	18
27	81.00	20.00	3	15
28	84.00	20.00	8	13
29	87.00	20.00	11	6
30	90.00	20.00	5	13
31	93.00	20.00	2	19
32	96.00	20.00	5	14
33	99.00	20.00	3	15
34	102.00	20.00	9	23
35	105.00	20.00	6	28
36	108.00	20.00	5	15
37	111.00	20.00	3	16
38	114.00	20.00	5	24
39	117.00	20.00	5	13
40	120.00	20.00	7	17
41	123.00	20.00	4	18
42	126.00	20.00	6	21
43	129.00	20.00	3	16
44	132.00	20.00	5	20
45	135.00	20.00	7	12
46	138.00	20.00	2	20
47	141.00	20.00	5	16
48	144.00	20.00	4	13
49	147.00	20.00	8	18
50	150.00	20.00	2	16
51	153.00	20.00	5	12
52	156.00	20.00	9	20
53	159.00	20.00	5	23
54	162.00	20.00	2	26
55	165.00	20.00	5	24
56	168.00	20.00	1	18
57	171.00	20.00	4	19
58	174.00	20.00	4	13
59	177.00	20.00	4	10
60	180.00	20.00	3	20
61	183.00	20.00	7	12
62	186.00	20.00	6	15
63	189.00	20.00	6	28
64	192.00	20.00	2	24
65	195.00	20.00	3	13
66	198.00	20.00	5	11
67	201.00	20.00	11	19
68	204.00	20.00	9	12
69	207.00	20.00	4	15
70	210.00	20.00	5	13
71	213.00	20.00	8	12
72	216.00	20.00	3	12
73	219.00	20.00	3	12
74	222.00	20.00	6	16
75	225.00	20.00	4	20
76	228.00	20.00	4	18
77	231.00	20.00	6	19
78	234.00	20.00	6	15
79	237.00	20.00	4	16
80	240.00	20.00	4	23
81	243.00	20.00	7	11
82	246.00	20.00	6	17
83	249.00	20.00	7	20
84	252.00	20.00	5	19
85	255.00	20.00	9	17
86	258.00	20.00	8	20
87	261.00	20.00	5	15
88	264.00	20.00	3	17
89	267.00	20.00	5	11
90	270.00	20.00	10	15
91	273.00	20.00	4	14
92	276.00	20.00	5	14
93	279.00	20.00	4	14
94	282.00	20.00	4	19
95	285.00	20.00	6	21
96	288.00	20.00	3	17
97	291.00	20.00	10	9
98	294.00	20.00	6	9
99	297.00	20.00	8	16
100	300.00	20.00	4	15
101	303.00	20.00	2	8
102	306.00	20.00	3	16
103	309.00	20.00	9	8
104	312.00	20.00	2	22
105	315.00	20.00	3	18
106	318.00	20.00	6	18
107	321.00	20.00	8	16
108	324.00	20.00	9	11
109	327.00	20.00	3	22
110	330.00	20.00	3	15
111	333.00	20.00	6	12
112	336.00	20.00	10	10
113	339.00	20.00	3	13
114	342.00	20.00	9	20
115	345.00	20.00	5	20
116	348.00	20.00	5	11
117	351.00	20.00	2	11
118	354.00	20.00	7	17
119	357.00	20.00	9	14
120	360.00	20.00	10	18
121	363.00	20.00	2	10
122	366.00	20.00	8	17
123	369.00	20.00	8	11
124	372.00	20.00	5	15
125	375.00	20.00	3	12
126	378.00	20.00	7	18
127	381.00	20.00	4	12
128	384.00	20.00	2	12
129	387.00	20.00	6	14
130	390.00	20.00	5	9
131	393.00	20.00	8	12
132	396.00	20.00	4	18
133	399.00	20.00	10	13
134	402.00	20.00	4	13
135	405.00	20.00	5	14
136	408.00	20.00	12	23
137	411.00	20.00	5	17
138	414.00	20.00	3	20
139	417.00	20.00	5	18
140	420.00	20.00	6	19
141	423.00	20.00	8	16
142	426.00	20.00	4	17
143	429.00	20.00	8	15
144	432.00	20.00	7	18
* 8	-0.6042480	10.0	805	2269	61043	2350	3776945487	3074	0.0000000	0.0000000
* Date: 07/09/2023	Time: 17:31
* Pulsetime (탎):0.000003	Looptime (탎): 434.000000	BinWidth (탎): 3.000000	BinCount: 145	measured time (s): 20.013000
* Bin NR >>  탎  >>  rec.time  >>  Counts O  >>  Counts AUX
* begin of data:
0	0.00	20.01	3	4
1	3.00	20.01	3	10
2	6.00	20.01	2	10
3	9.00	20.01	6	24
4	12.00	20.01	9	16
5	15.00	20.01	4	9
6	18.00	20.01	5	13
7	21.00	20.01	7	17
8	24.00	20.01	3	10
9	27.00	20.01	4	14
10	30.00	20.01	2	21
11	33.00	20.01	8	25
12	36.00	20.01	5	16
13	39.00	20.01	6	19
14	42.00	20.01	3	6
15	45.00	20.01	5	15
16	48.00	20.01	2	20
17	51.00	20.01	4	18
18	54.00	20.01	7	12
19	57.00	20.01	7	13
20	60.00	20.01	6	12
21	63.00	20.01	4	9
22	66.00	20.01	9	22
23	69.00	20.01	6	19
24	72.00	20.01	7	16
25	75.00	20.01	6	24
26	78.00	20.01	6	18
27	81.00	20.01	5	16
28	84.00	20.01	3	17
29	87.00	20.01	7	14
30	90.00	20.01	4	17
31	93.00	20.01	4	19
32	96.00	20.01	5	12
33	99.00	20.01	7	16
34	102.00	20.01	5	20
35	105.00	20.01	4	20
36	108.00	20.01	3	16
37	111.00	20.01	4	26
38	114.00	20.01	4	17
39	117.00	20.01	6	18
40	120.00	20.01	9	14
41	123.00	20.01	2	13
42	126.00	20.01	7	13
43	129.00	20.01	7	17
44	132.00	20.01	3	11
45	135.00	20.01	9	12
46	138.00	20.01	5	17
47	141.00	20.01	5	11
48	144.00	20.01	5	16
49	147.00	20.01	5	19
50	150.00	20.01	5	23
51	153.00	20.01	7	14
52	156.00	20.01	6	13
53	159.00	20.01	2	10
54	162.00	20.01	5	12
55	165.00	20.01	6	14
56	168.00	20.01	3	7
57	171.00	20.01	6	26
58	174.00	20.01	7	27
59	177.00	20.01	6	10
60	180.00	20.01	7	16
61	183.00	20.01	7	15
62	186.00	20.01	2	27
63	189.00	20.01	7	19
64	192.00	20.01	7	26
65	195.00	20.01	6	27
66	198.00	20.01	2	16
67	201.00	20.01	4	13
68	204.00	20.01	4	14
69	207.00	20.01	4	12
70	210.00	20.01	8	17
71	213.00	20.01	5	13
72	216.00	20.01	6	12
73	219.00	20.01	8	20
74	222.00	20.01	6	13
75	225.00	20.01	7	14
76	228.00	20.01	3	16
77	231.00	20.01	2	15
78	234.00	20.01	8	12
79	237.00	20.01	6	15
80	240.00	20.01	5	8
81	243.00	20.01	1	17
82	246.00	20.01	7	18
83	249.00	20.01	2	20
84	252.00	20.01	8	22
85	255.00	20.01	10	18
86	258.00	20.01	6	13
87	261.00	20.01	6	21
88	264.00	20.01	6	17
89	267.00	20.01	5	20
90	270.00	20.01	8	12
91	273.00	20.01	4	19
92	276.00	20.01	8	18
93	279.00	20.01	7	17
94	282.00	20.01	4	24
95	285.00	20.01	6	7
96	288.00	20.01	8	12
97	291.00	20.01	10	9
98	294.00	20.01	5	18
99	297.00	20.01	6	19
100	300.00	20.01	5	14
101	303.00	20.01	8	23
102	306.00	20.01	7	22
103	309.00	20.01	9	14
104	312.00	20.01	9	16
105	315.00	20.01	3	24
106	318.00	20.01	4	17
107	321.00	20.01	7	13
108	324.00	20.01	6	12
109	327.00	20.01	7	21
110	330.00	20.01	4	17
111	333.00	20.01	3	24
112	336.00	20.01	10	12
113	339.00	20.01	4	13
114	342.00	20.01	11	16
115	345.00	20.01	5	17
116	348.00	20.01	8	14
117	351.00	20.01	4	21
118	354.00	20.01	5	13
119	357.00	20.01	7	14
120	360.00	20.01	5	15
121	363.00	20.01	3	18
122	366.00	20.01	4	20
123	369.00	20.01	12	26
124	372.00	20.01	7	13
125	375.00	20.01	3	15
126	378.00	20.01	4	10
127	381.00	20.01	7	23
128	384.00	20.01	4	16
129	387.00	20.01	6	20
130	390.00	20.01	4	21
131	393.00	20.01	5	16
132	396.00	20.01	7	6
133	399.00	20.01	2	16
134	402.00	20.01	4	13
135	405.00	20.01	0	19
136	408.00	20.01	7	15
137	411.00	20.01	3	16
138	414.00	20.01	7	25
139	417.00	20.01	6	17
140	420.00	20.01	9	12
141	423.00	20.01	6	12
142	426.00	20.01	8	11
143	429.00	20.01	9	19
144	432.00	20.01	5	17
* 9	-0.3955078	10.0	786	2269	61043	2026	3776945515	3055	0.0000000	0.0000000
* Date: 07/09/2023	Time: 17:31
* Pulsetime (탎):0.000003	Looptime (탎): 434.000000	BinWidth (탎): 3.000000	BinCount: 145	measured time (s): 20.014000
* Bin NR >>  탎  >>  rec.time  >>  Counts O  >>  Counts AUX
* begin of data:
0	0.00	20.01	4	5
1	3.00	20.01	7	10
2	6.00	20.01	3	10
3	9.00	20.01	6	11
4	12.00	20.01	5	8
5	15.00	20.01	1	12
6	18.00	20.01	9	22
7	21.00	20.01	8	14
8	24.00	20.01	4	20
9	27.00	20.01	8	10
10	30.00	20.01	6	14
11	33.00	20.01	5	7
12	36.00	20.01	5	19
13	39.00	20.01	2	10
14	42.00	20.01	4	19
15	45.00	20.01	3	11
16	48.00	20.01	4	9
17	51.00	20.01	12	19
18	54.00	20.01	5	19
19	57.00	20.01	3	18
20	60.00	20.01	5	12
21	63.00	20.01	4	18
22	66.00	20.01	5	11
23	69.00	20.01	7	15
24	72.00	20.01	8	21
25	75.00	20.01	9	15
26	78.00	20.01	3	13
27	81.00	20.01	6	23
28	84.00	20.01	2	18
29	87.00	20.01	12	9
30	90.00	20.01	7	12
31	93.00	20.01	6	12
32	96.00	20.01	3	13
33	99.00	20.01	7	9
34	102.00	20.01	4	17
35	105.00	20.01	6	17
36	108.00	20.01	9	21
37	111.00	20.01	7	15
38	114.00	20.01	3	30
39	117.00	20.01	2	20
40	120.00	20.01	11	22
41	123.00	20.01	5	10
42	126.00	20.01	3	15
43	129.00	20.01	5	17
44	132.00	20.01	2	10
45	135.00	20.01	6	11
46	138.00	20.01	5	14
47	141.00	20.01	8	12
48	144.00	20.01	9	9
49	147.00	20.01	4	12
50	150.00	20.01	6	8
51	153.00	20.01	3	16
52	156.00	20.01	4	17
53	159.00	20.01	4	13
54	162.00	20.01	9	13
55	165.00	20.01	6	11
56	168.00	20.01	6	9
57	171.00	20.01	7	14
58	174.00	20.01	7	15
59	177.00	20.01	7	16
60	180.00	20.01	5	12
61	183.00	20.01	2	19
62	186.00	20.01	5	18
63	189.00	20.01	1	13
64	192.00	20.01	3	17
65	195.00	20.01	9	13
66	198.00	20.01	5	13
67	201.00	20.01	2	19
68	204.00	20.01	6	16
69	207.00	20.01	5	11
70	210.00	20.01	8	13
71	213.00	20.01	1	11
72	216.00	20.01	3	17
73	219.00	20.01	7	9
74	222.00	20.01	9	16
75	225.00	20.01	9	16
76	228.00	20.01	5	10
77	231.00	20.01	4	17
78	234.00	20.01	3	11
79	237.00	20.01	5	8
80	240.00	20.01	8	12
81	243.00	20.01	6	8
82	246.00	20.01	7	13
83	249.00	20.01	2	16
84	252.00	20.01	4	14
85	255.00	20.01	7	22
86	258.00	20.01	6	12
87	261.00	20.01	3	11
88	264.00	20.01	6	16
89	267.00	20.01	5	12
90	270.00	20.01	0	15
91	273.00	20.01	7	14
92	276.00	20.01	4	14
93	279.00	20.01	3	23
94	282.00	20.01	3	16
95	285.00	20.01	5	20
96	288.00	20.01	9	21
97	291.00	20.01	7	7
98	294.00	20.01	4	10
99	297.00	20.01	3	23
100	300.00	20.01	6	20
101	303.00	20.01	5	9
102	306.00	20.01	8	9
103	309.00	20.01	6	11
104	312.00	20.01	3	16
105	315.00	20.01	3	15
106	318.00	20.01	7	17
107	321.00	20.01	10	6
108	324.00	20.01	1	9
109	327.00	20.01	3	9
110	330.00	20.01	7	16
111	333.00	20.01	9	18
112	336.00	20.01	5	11
113	339.00	20.01	4	18
114	342.00	20.01	9	15
115	345.00	20.01	10	9
116	348.00	20.01	3	10
117	351.00	20.01	9	18
118	354.00	20.01	6	16
119	357.00	20.01	4	24
120	360.00	20.01	5	13
121	363.00	20.01	4	12
122	366.00	20.01	5	8
123	369.00	20.01	2	14
124	372.00	20.01	4	13
125	375.00	20.01	6	17
126	378.00	20.01	8	13
127	381.00	20.01	3	15
128	384.00	20.01	8	17
129	387.00	20.01	7	12
130	390.00	20.01	8	9
131	393.00	20.01	4	10
132	396.00	20.01	8	17
133	399.00	20.01	6	14
134	402.00	20.01	6	16
135	405.00	20.01	6	12
136	408.00	20.01	4	17
137	411.00	20.01	7	10
138	414.00	20.01	7	8
139	417.00	20.01	3	14
140	420.00	20.01	2	10
141	423.00	20.01	5	13
142	426.00	20.01	7	12
143	429.00	20.01	5	10
144	432.00	20.01	6	9
* 10	-0.2087402	10.0	741	2269	61043	1499	3776945543	3010	0.0000000	0.0000000
* Date: 07/09/2023	Time: 17:32
* Pulsetime (탎):0.000003	Looptime (탎): 434.000000	BinWidth (탎): 3.000000	BinCount: 145	measured time (s): 20.004000
* Bin NR >>  탎  >>  rec.time  >>  Counts O  >>  Counts AUX
* begin of data:
0	0.00	20.00	3	5
1	3.00	20.00	9	8
2	6.00	20.00	9	8
3	9.00	20.00	5	9
4	12.00	20.00	7	12
5	15.00	20.00	5	5
6	18.00	20.00	5	13
7	21.00	20.00	7	5
8	24.00	20.00	6	14
9	27.00	20.00	3	12
10	30.00	20.00	2	11
11	33.00	20.00	5	10
12	36.00	20.00	5	12
13	39.00	20.00	9	15
14	42.00	20.00	3	10
15	45.00	20.00	8	10
16	48.00	20.00	6	15
17	51.00	20.00	7	11
18	54.00	20.00	5	10
19	57.00	20.00	2	4
20	60.00	20.00	3	12
21	63.00	20.00	6	13
22	66.00	20.00	6	7
23	69.00	20.00	6	9
24	72.00	20.00	8	12
25	75.00	20.00	4	6
26	78.00	20.00	5	13
27	81.00	20.00	2	11
28	84.00	20.00	5	10
29	87.00	20.00	3	16
30	90.00	20.00	8	10
31	93.00	20.00	5	16
32	96.00	20.00	1	14
33	99.00	20.00	4	17
34	102.00	20.00	7	8
35	105.00	20.00	2	12
36	108.00	20.00	5	12
37	111.00	20.00	8	10
38	114.00	20.00	8	10
39	117.00	20.00	5	14
40	120.00	20.00	6	10
41	123.00	20.00	4	5
42	126.00	20.00	7	7
43	129.00	20.00	8	8
44	132.00	20.00	4	8
45	135.00	20.00	5	9
46	138.00	20.00	9	9
47	141.00	20.00	5	8
48	144.00	20.00	10	14
49	147.00	20.00	4	7
50	150.00	20.00	6	7
51	153.00	20.00	5	14
52	156.00	20.00	10	14
53	159.00	20.00	3	11
54	162.00	20.00	4	8
55	165.00	20.00	6	12
56	168.00	20.00	7	20
57	171.00	20.00	1	13
58	174.00	20.00	4	16
59	177.00	20.00	6	14
60	180.00	20.00	3	8
61	183.00	20.00	7	11
62	186.00	20.00	4	19
63	189.00	20.00	4	11
64	192.00	20.00	7	10
65	195.00	20.00	4	13
66	198.00	20.00	1	10
67	201.00	20.00	5	9
68	204.00	20.00	5	13
69	207.00	20.00	7	10
70	210.00	20.00	1	10
71	213.00	20.00	5	8
72	216.00	20.00	10	13
73	219.00	20.00	5	14
74	222.00	20.00	7	9
75	225.00	20.00	5	10
76	228.00	20.00	7	11
77	231.00	20.00	0	13
78	234.00	20.00	6	3
79	237.00	20.00	7	9
80	240.00	20.00	3	8
81	243.00	20.00	7	6
82	246.00	20.00	5	10
83	249.00	20.00	5	8
84	252.00	20.00	5	6
85	255.00	20.00	5	10
86	258.00	20.00	5	4
87	261.00	20.00	6	8
88	264.00	20.00	1	7
89	267.00	20.00	4	14
90	270.00	20.00	9	16
91	273.00	20.00	8	15
92	276.00	20.00	3	13
93	279.00	20.00	4	11
94	282.00	20.00	3	11
95	285.00	20.00	5	9
96	288.00	20.00	7	8
97	291.00	20.00	4	10
98	294.00	20.00	3	14
99	297.00	20.00	1	2
100	300.00	20.00	1	8
101	303.00	20.00	5	14
102	306.00	20.00	7	9
103	309.00	20.00	8	9
104	312.00	20.00	1	9
105	315.00	20.00	7	8
106	318.00	20.00	5	10
107	321.00	20.00	9	12
108	324.00	20.00	4	7
109	327.00	20.00	5	13
110	330.00	20.00	4	5
111	333.00	20.00	7	5
112	336.00	20.00	4	7
113	339.00	20.00	2	5
114	342.00	20.00	5	14
115	345.00	20.00	6	4
116	348.00	20.00	11	8
117	351.00	20.00	4	9
118	354.00	20.00	8	7
119	357.00	20.00	1	6
120	360.00	20.00	7	10
121	363.00	20.00	3	13
122	366.00	20.00	2	11
123	369.00	20.00	5	15
124	372.00	20.00	3	10
125	375.00	20.00	7	14
126	378.00	20.00	6	10
127	381.00	20.00	9	19
128	384.00	20.00	6	10
129	387.00	20.00	3	16
130	390.00	20.00	2	13
131	393.00	20.00	1	14
132	396.00	20.00	7	18
133	399.00	20.00	4	5
134	402.00	20.00	5	7
135	405.00	20.00	5	12
136	408.00	20.00	5	13
137	411.00	20.00	7	16
138	414.00	20.00	4	6
139	417.00	20.00	2	9
140	420.00	20.00	2	9
141	423.00	20.00	6	7
142	426.00	20.00	11	6
143	429.00	20.00	2	8
144	432.00	20.00	4	8
* 11	0.0000000	10.0	479	2269	61043	892	3776945570	2748	0.0000000	0.0000000
* Date: 07/09/2023	Time: 17:32
* Pulsetime (탎):0.000003	Looptime (탎): 434.000000	BinWidth (탎): 3.000000	BinCount: 145	measured time (s): 20.001000
* Bin NR >>  탎  >>  rec.time  >>  Counts O  >>  Counts AUX
* begin of data:
0	0.00	20.00	0	1
1	3.00	20.00	1	2
2	6.00	20.00	4	7
3	9.00	20.00	5	2
4	12.00	20.00	7	6
5	15.00	20.00	2	4
6	18.00	20.00	2	6
7	21.00	20.00	4	9
8	24.00	20.00	5	5
9	27.00	20.00	4	2
10	30.00	20.00	3	4
11	33.00	20.00	5	7
12	36.00	20.00	3	9
13	39.00	20.00	3	10
14	42.00	20.00	2	7
15	45.00	20.00	3	3
16	48.00	20.00	2	7
17	51.00	20.00	2	4
18	54.00	20.00	4	4
19	57.00	20.00	2	3
20	60.00	20.00	6	4
21	63.00	20.00	1	3
22	66.00	20.00	3	4
23	69.00	20.00	4	6
24	72.00	20.00	0	8
25	75.00	20.00	2	7
26	78.00	20.00	5	9
27	81.00	20.00	4	10
28	84.00	20.00	4	9
29	87.00	20.00	5	9
30	90.00	20.00	3	8
31	93.00	20.00	3	11
32	96.00	20.00	1	10
33	99.00	20.00	3	5
34	102.00	20.00	6	4
35	105.00	20.00	5	2
36	108.00	20.00	2	7
37	111.00	20.00	4	12
38	114.00	20.00	0	11
39	117.00	20.00	3	5
40	120.00	20.00	1	8
41	123.00	20.00	4	5
42	126.00	20.00	4	5
43	129.00	20.00	6	6
44	132.00	20.00	4	4
45	135.00	20.00	4	6
46	138.00	20.00	4	6
47	141.00	20.00	3	3
48	144.00	20.00	3	7
49	147.00	20.00	3	5
50	150.00	20.00	5	4
51	153.00	20.00	3	7
52	156.00	20.00	4	4
53	159.00	20.00	1	2
54	162.00	20.00	1	5
55	165.00	20.00	4	6
56	168.00	20.00	1	8
57	171.00	20.00	0	6
58	174.00	20.00	2	3
59	177.00	20.00	3	15
60	180.00	20.00	3	7
61	183.00	20.00	2	12
62	186.00	20.00	4	10
63	189.00	20.00	3	11
64	192.00	20.00	2	11
65	195.00	20.00	5	7
66	198.00	20.00	6	9
67	201.00	20.00	1	9
68	204.00	20.00	1	6
69	207.00	20.00	3	7
70	210.00	20.00	5	11
71	213.00	20.00	3	8
72	216.00	20.00	4	2
73	219.00	20.00	3	5
74	222.00	20.00	4	2
75	225.00	20.00	3	7
76	228.00	20.00	3	5
77	231.00	20.00	3	4
78	234.00	20.00	3	6
79	237.00	20.00	2	3
80	240.00	20.00	3	2
81	243.00	20.00	6	6
82	246.00	20.00	2	8
83	249.00	20.00	5	0
84	252.00	20.00	1	6
85	255.00	20.00	4	4
86	258.00	20.00	4	5
87	261.00	20.00	4	8
88	264.00	20.00	3	3
89	267.00	20.00	3	5
90	270.00	20.00	3	8
91	273.00	20.00	6	7
92	276.00	20.00	5	6
93	279.00	20.00	3	7
94	282.00	20.00	3	7
95	285.00	20.00	7	7
96	288.00	20.00	4	8
97	291.00	20.00	5	6
98	294.00	20.00	5	6
99	297.00	20.00	3	4
100	300.00	20.00	4	9
101	303.00	20.00	0	8
102	306.00	20.00	7	10
103	309.00	20.00	6	6
104	312.00	20.00	6	9
105	315.00	20.00	6	7
106	318.00	20.00	1	2
107	321.00	20.00	6	3
108	324.00	20.00	1	6
109	327.00	20.00	2	4
110	330.00	20.00	5	4
111	333.00	20.00	6	6
112	336.00	20.00	3	2
113	339.00	20.00	4	5
114	342.00	20.00	4	6
115	345.00	20.00	5	9
116	348.00	20.00	0	1
117	351.00	20.00	4	3
118	354.00	20.00	5	7
119	357.00	20.00	5	4
120	360.00	20.00	3	7
121	363.00	20.00	1	8
122	366.00	20.00	2	3
123	369.00	20.00	4	4
124	372.00	20.00	5	5
125	375.00	20.00	1	6
126	378.00	20.00	1	8
127	381.00	20.00	5	6
128	384.00	20.00	2	9
129	387.00	20.00	6	9
130	390.00	20.00	5	6
131	393.00	20.00	4	9
132	396.00	20.00	4	5
133	399.00	20.00	2	8
134	402.00	20.00	2	10
135	405.00	20.00	4	5
136	408.00	20.00	2	9
137	411.00	20.00	1	8
138	414.00	20.00	2	3
139	417.00	20.00	2	5
140	420.00	20.00	1	4
141	423.00	20.00	4	6
142	426.00	20.00	2	7
143	429.00	20.00	1	7
144	432.00	20.00	3	8
* 12	0.2087402	10.0	306	2269	61043	424	3776945598	2575	0.0000000	0.0000000
* Date: 07/09/2023	Time: 17:33
* Pulsetime (탎):0.000003	Looptime (탎): 434.000000	BinWidth (탎): 3.000000	BinCount: 145	measured time (s): 20.004000
* Bin NR >>  탎  >>  rec.time  >>  Counts O  >>  Counts AUX
* begin of data:
0	0.00	20.00	0	2
1	3.00	20.00	1	4
2	6.00	20.00	4	2
3	9.00	20.00	1	5
4	12.00	20.00	0	2
5	15.00	20.00	1	4
6	18.00	20.00	1	3
7	21.00	20.00	4	5
8	24.00	20.00	3	3
9	27.00	20.00	0	0
10	30.00	20.00	4	2
11	33.00	20.00	1	5
12	36.00	20.00	2	3
13	39.00	20.00	3	1
14	42.00	20.00	2	2
15	45.00	20.00	0	0
16	48.00	20.00	3	1
17	51.00	20.00	2	0
18	54.00	20.00	3	0
19	57.00	20.00	1	1
20	60.00	20.00	2	4
21	63.00	20.00	0	2
22	66.00	20.00	1	3
23	69.00	20.00	5	4
24	72.00	20.00	2	1
25	75.00	20.00	3	4
26	78.00	20.00	1	8
27	81.00	20.00	1	3
28	84.00	20.00	2	10
29	87.00	20.00	1	8
30	90.00	20.00	1	6
31	93.00	20.00	2	4
32	96.00	20.00	2	4
33	99.00	20.00	0	4
34	102.00	20.00	1	0
35	105.00	20.00	1	1
36	108.00	20.00	2	3
37	111.00	20.00	1	2
38	114.00	20.00	5	7
39	117.00	20.00	1	3
40	120.00	20.00	4	1
41	123.00	20.00	5	3
42	126.00	20.00	2	4
43	129.00	20.00	6	3
44	132.00	20.00	4	3
45	135.00	20.00	5	1
46	138.00	20.00	1	3
47	141.00	20.00	3	0
48	144.00	20.00	2	2
49	147.00	20.00	3	0
50	150.00	20.00	4	6
51	153.00	20.00	0	0
52	156.00	20.00	2	4
53	159.00	20.00	2	0
54	162.00	20.00	1	4
55	165.00	20.00	1	4
56	168.00	20.00	0	2
57	171.00	20.00	2	5
58	174.00	20.00	2	2
59	177.00	20.00	1	9
60	180.00	20.00	1	3
61	183.00	20.00	2	5
62	186.00	20.00	1	5
63	189.00	20.00	3	6
64	192.00	20.00	3	6
65	195.00	20.00	2	1
66	198.00	20.00	0	3
67	201.00	20.00	0	2
68	204.00	20.00	5	5
69	207.00	20.00	1	3
70	210.00	20.00	1	4
71	213.00	20.00	2	4
72	216.00	20.00	5	0
73	219.00	20.00	3	5
74	222.00	20.00	3	2
75	225.00	20.00	2	1
76	228.00	20.00	6	0
77	231.00	20.00	2	2
78	234.00	20.00	3	1
79	237.00	20.00	3	3
80	240.00	20.00	1	1
81	243.00	20.00	6	1
82	246.00	20.00	1	1
83	249.00	20.00	2	0
84	252.00	20.00	2	4
85	255.00	20.00	0	0
86	258.00	20.00	0	2
87	261.00	20.00	2	3
88	264.00	20.00	2	3
89	267.00	20.00	2	3
90	270.00	20.00	1	5
91	273.00	20.00	2	8
92	276.00	20.00	4	4
93	279.00	20.00	5	2
94	282.00	20.00	3	0
95	285.00	20.00	4	3
96	288.00	20.00	1	5
97	291.00	20.00	2	4
98	294.00	20.00	2	4
99	297.00	20.00	2	3
100	300.00	20.00	2	5
101	303.00	20.00	0	1
102	306.00	20.00	1	5
103	309.00	20.00	1	1
104	312.00	20.00	3	5
105	315.00	20.00	6	3
106	318.00	20.00	4	2
107	321.00	20.00	2	6
108	324.00	20.00	2	1
109	327.00	20.00	5	6
110	330.00	20.00	1	3
111	333.00	20.00	3	3
112	336.00	20.00	1	1
113	339.00	20.00	2	1
114	342.00	20.00	6	1
115	345.00	20.00	3	2
116	348.00	20.00	4	1
117	351.00	20.00	2	2
118	354.00	20.00	2	2
119	357.00	20.00	2	1
120	360.00	20.00	2	2
121	363.00	20.00	3	1
122	366.00	20.00	2	0
123	369.00	20.00	5	4
124	372.00	20.00	0	3
125	375.00	20.00	0	5
126	378.00	20.00	1	3
127	381.00	20.00	2	5
128	384.00	20.00	3	4
129	387.00	20.00	1	1
130	390.00	20.00	2	4
131	393.00	20.00	3	6
132	396.00	20.00	0	3
133	399.00	20.00	0	1
134	402.00	20.00	1	8
135	405.00	20.00	2	2
136	408.00	20.00	0	0
137	411.00	20.00	1	4
138	414.00	20.00	2	2
139	417.00	20.00	2	5
140	420.00	20.00	1	3
141	423.00	20.00	3	1
142	426.00	20.00	4	3
143	429.00	20.00	1	1
144	432.00	20.00	1	2
* 13	0.3955078	10.0	197	2269	61043	264	3776945625	2466	0.0000000	0.0000000
* Date: 07/09/2023	Time: 17:33
* Pulsetime (탎):0.000003	Looptime (탎): 434.000000	BinWidth (탎): 3.000000	BinCount: 145	measured time (s): 20.006000
* Bin NR >>  탎  >>  rec.time  >>  Counts O  >>  Counts AUX
* begin of data:
0	0.00	20.01	0	1
1	3.00	20.01	4	1
2	6.00	20.01	4	4
3	9.00	20.01	1	1
4	12.00	20.01	1	1
5	15.00	20.01	3	1
6	18.00	20.01	2	1
7	21.00	20.01	3	1
8	24.00	20.01	1	2
9	27.00	20.01	0	1
10	30.00	20.01	0	2
11	33.00	20.01	1	3
12	36.00	20.01	3	3
13	39.00	20.01	2	1
14	42.00	20.01	5	2
15	45.00	20.01	1	2
16	48.00	20.01	0	0
17	51.00	20.01	1	5
18	54.00	20.01	0	3
19	57.00	20.01	3	1
20	60.00	20.01	1	1
21	63.00	20.01	1	4
22	66.00	20.01	4	2
23	69.00	20.01	1	0
24	72.00	20.01	0	1
25	75.00	20.01	0	3
26	78.00	20.01	1	4
27	81.00	20.01	2	2
28	84.00	20.01	0	1
29	87.00	20.01	0	3
30	90.00	20.01	0	2
31	93.00	20.01	1	1
32	96.00	20.01	2	1
33	99.00	20.01	1	3
34	102.00	20.01	0	1
35	105.00	20.01	5	1
36	108.00	20.01	3	4
37	111.00	20.01	3	1
38	114.00	20.01	3	2
39	117.00	20.01	2	1
40	120.00	20.01	2	3
41	123.00	20.01	0	1
42	126.00	20.01	2	0
43	129.00	20.01	2	0
44	132.00	20.01	4	5
45	135.00	20.01	3	2
46	138.00	20.01	2	1
47	141.00	20.01	2	2
48	144.00	20.01	2	1
49	147.00	20.01	0	0
50	150.00	20.01	1	5
51	153.00	20.01	0	0
52	156.00	20.01	1	2
53	159.00	20.01	2	2
54	162.00	20.01	1	2
55	165.00	20.01	2	2
56	168.00	20.01	2	1
57	171.00	20.01	0	4
58	174.00	20.01	0	1
59	177.00	20.01	2	1
60	180.00	20.01	1	2
61	183.00	20.01	3	5
62	186.00	20.01	4	3
63	189.00	20.01	0	1
64	192.00	20.01	0	3
65	195.00	20.01	0	0
66	198.00	20.01	7	1
67	201.00	20.01	1	3
68	204.00	20.01	2	3
69	207.00	20.01	0	0
70	210.00	20.01	1	1
71	213.00	20.01	1	0
72	216.00	20.01	3	0
73	219.00	20.01	2	1
74	222.00	20.01	1	4
75	225.00	20.01	2	0
76	228.00	20.01	2	2
77	231.00	20.01	0	2
78	234.00	20.01	0	1
79	237.00	20.01	3	3
80	240.00	20.01	0	2
81	243.00	20.01	0	2
82	246.00	20.01	1	1
83	249.00	20.01	1	2
84	252.00	20.01	0	6
85	255.00	20.01	2	3
86	258.00	20.01	0	3
87	261.00	20.01	0	3
88	264.00	20.01	1	1
89	267.00	20.01	0	3
90	270.00	20.01	2	2
91	273.00	20.01	2	2
92	276.00	20.01	0	0
93	279.00	20.01	0	2
94	282.00	20.01	1	3
95	285.00	20.01	1	0
96	288.00	20.01	2	0
97	291.00	20.01	2	3
98	294.00	20.01	1	1
99	297.00	20.01	1	1
100	300.00	20.01	2	1
101	303.00	20.01	0	2
102	306.00	20.01	1	1
103	309.00	20.01	1	1
104	312.00	20.01	1	1
105	315.00	20.01	1	0
106	318.00	20.01	1	1
107	321.00	20.01	1	0
108	324.00	20.01	2	2
109	327.00	20.01	2	1
110	330.00	20.01	1	5
111	333.00	20.01	1	2
112	336.00	20.01	0	0
113	339.00	20.01	2	2
114	342.00	20.01	1	1
115	345.00	20.01	0	2
116	348.00	20.01	1	3
117	351.00	20.01	1	2
118	354.00	20.01	2	1
119	357.00	20.01	0	5
120	360.00	20.01	0	1
121	363.00	20.01	2	1
122	366.00	20.01	0	3
123	369.00	20.01	0	1
124	372.00	20.01	1	0
125	375.00	20.01	2	2
126	378.00	20.01	2	3
127	381.00	20.01	0	1
128	384.00	20.01	1	1
129	387.00	20.01	1	4
130	390.00	20.01	1	0
131	393.00	20.01	1	1
132	396.00	20.01	3	1
133	399.00	20.01	1	2
134	402.00	20.01	1	4
135	405.00	20.01	3	3
136	408.00	20.01	0	3
137	411.00	20.01	2	2
138	414.00	20.01	3	1
139	417.00	20.01	1	4
140	420.00	20.01	2	2
141	423.00	20.01	2	2
142	426.00	20.01	0	3
143	429.00	20.01	0	1
144	432.00	20.01	2	1
* 14	0.6042480	10.0	221	2269	61043	589	3776945653	2490	0.0000000	0.0000000
* Date: 07/09/2023	Time: 17:34
* Pulsetime (탎):0.000003	Looptime (탎): 434.000000	BinWidth (탎): 3.000000	BinCount: 145	measured time (s): 20.003000
* Bin NR >>  탎  >>  rec.time  >>  Counts O  >>  Counts AUX
* begin of data:
0	0.00	20.00	4	2
1	3.00	20.00	4	6
2	6.00	20.00	2	11
3	9.00	20.00	1	7
4	12.00	20.00	2	1
5	15.00	20.00	2	4
6	18.00	20.00	4	3
7	21.00	20.00	1	4
8	24.00	20.00	2	4
9	27.00	20.00	2	2
10	30.00	20.00	2	4
11	33.00	20.00	0	12
12	36.00	20.00	1	7
13	39.00	20.00	0	3
14	42.00	20.00	2	4
15	45.00	20.00	0	8
16	48.00	20.00	1	7
17	51.00	20.00	1	3
18	54.00	20.00	1	7
19	57.00	20.00	2	7
20	60.00	20.00	3	3
21	63.00	20.00	1	4
22	66.00	20.00	3	5
23	69.00	20.00	3	4
24	72.00	20.00	3	1
25	75.00	20.00	2	1
26	78.00	20.00	0	1
27	81.00	20.00	2	2
28	84.00	20.00	1	2
29	87.00	20.00	1	2
30	90.00	20.00	1	2
31	93.00	20.00	0	1
32	96.00	20.00	1	3
33	99.00	20.00	3	3
34	102.00	20.00	0	3
35	105.00	20.00	2	2
36	108.00	20.00	2	5
37	111.00	20.00	1	0
38	114.00	20.00	1	8
39	117.00	20.00	0	3
40	120.00	20.00	2	0
41	123.00	20.00	2	4
42	126.00	20.00	0	4
43	129.00	20.00	0	7
44	132.00	20.00	0	5
45	135.00	20.00	1	10
46	138.00	20.00	1	3
47	141.00	20.00	1	5
48	144.00	20.00	0	7
49	147.00	20.00	1	4
50	150.00	20.00	3	8
51	153.00	20.00	1	5
52	156.00	20.00	2	6
53	159.00	20.00	4	8
54	162.00	20.00	4	3
55	165.00	20.00	1	5
56	168.00	20.00	3	2
57	171.00	20.00	3	2
58	174.00	20.00	1	2
59	177.00	20.00	1	6
60	180.00	20.00	4	1
61	183.00	20.00	1	5
62	186.00	20.00	2	4
63	189.00	20.00	1	4
64	192.00	20.00	1	1
65	195.00	20.00	1	3
66	198.00	20.00	2	5
67	201.00	20.00	1	6
68	204.00	20.00	2	3
69	207.00	20.00	1	7
70	210.00	20.00	1	2
71	213.00	20.00	1	3
72	216.00	20.00	1	9
73	219.00	20.00	0	6
74	222.00	20.00	0	6
75	225.00	20.00	1	3
76	228.00	20.00	0	6
77	231.00	20.00	0	5
78	234.00	20.00	1	6
79	237.00	20.00	3	5
80	240.00	20.00	0	6
81	243.00	20.00	2	8
82	246.00	20.00	3	7
83	249.00	20.00	3	5
84	252.00	20.00	0	3
85	255.00	20.00	0	4
86	258.00	20.00	2	3
87	261.00	20.00	2	6
88	264.00	20.00	3	3
89	267.00	20.00	0	4
90	270.00	20.00	2	5
91	273.00	20.00	4	2
92	276.00	20.00	1	3
93	279.00	20.00	1	0
94	282.00	20.00	1	3
95	285.00	20.00	0	1
96	288.00	20.00	1	1
97	291.00	20.00	2	1
98	294.00	20.00	1	2
99	297.00	20.00	0	2
100	300.00	20.00	1	1
101	303.00	20.00	0	2
102	306.00	20.00	2	2
103	309.00	20.00	0	4
104	312.00	20.00	5	3
105	315.00	20.00	1	3
106	318.00	20.00	0	9
107	321.00	20.00	0	4
108	324.00	20.00	0	5
109	327.00	20.00	1	4
110	330.00	20.00	1	4
111	333.00	20.00	4	7
112	336.00	20.00	5	3
113	339.00	20.00	3	6
114	342.00	20.00	0	4
115	345.00	20.00	3	6
116	348.00	20.00	5	11
117	351.00	20.00	1	4
118	354.00	20.00	2	5
119	357.00	20.00	4	5
120	360.00	20.00	1	7
121	363.00	20.00	1	7
122	366.00	20.00	2	2
123	369.00	20.00	1	3
124	372.00	20.00	0	2
125	375.00	20.00	1	3
126	378.00	20.00	0	1
127	381.00	20.00	0	1
128	384.00	20.00	0	2
129	387.00	20.00	3	4
130	390.00	20.00	3	1
131	393.00	20.00	1	2
132	396.00	20.00	3	1
133	399.00	20.00	0	5
134	402.00	20.00	1	2
135	405.00	20.00	1	3
136	408.00	20.00	2	3
137	411.00	20.00	1	2
138	414.00	20.00	3	4
139	417.00	20.00	3	4
140	420.00	20.00	0	4
141	423.00	20.00	3	5
142	426.00	20.00	1	3
143	429.00	20.00	2	3
144	432.00	20.00	2	5
* 15	0.8020020	10.0	365	2269	61043	1102	3776945681	2634	0.0000000	0.0000000
* Date: 07/09/2023	Time: 17:34
* Pulsetime (탎):0.000003	Looptime (탎): 434.000000	BinWidth (탎): 3.000000	BinCount: 145	measured time (s): 20.001000
* Bin NR >>  탎  >>  rec.time  >>  Counts O  >>  Counts AUX
* begin of data:
0	0.00	20.00	1	0
1	3.00	20.00	0	10
2	6.00	20.00	2	14
3	9.00	20.00	4	6
4	12.00	20.00	2	7
5	15.00	20.00	1	2
6	18.00	20.00	3	10
7	21.00	20.00	3	4
8	24.00	20.00	0	9
9	27.00	20.00	1	9
10	30.00	20.00	5	14
11	33.00	20.00	0	7
12	36.00	20.00	2	8
13	39.00	20.00	1	9
14	42.00	20.00	1	7
15	45.00	20.00	1	13
16	48.00	20.00	3	17
17	51.00	20.00	4	12
18	54.00	20.00	1	6
19	57.00	20.00	3	6
20	60.00	20.00	0	15
21	63.00	20.00	4	9
22	66.00	20.00	3	6
23	69.00	20.00	3	7
24	72.00	20.00	1	5
25	75.00	20.00	0	5
26	78.00	20.00	1	7
27	81.00	20.00	2	12
28	84.00	20.00	4	1
29	87.00	20.00	5	4
30	90.00	20.00	3	7
31	93.00	20.00	3	5
32	96.00	20.00	4	2
33	99.00	20.00	4	5
34	102.00	20.00	4	5
35	105.00	20.00	3	2
36	108.00	20.00	0	6
37	111.00	20.00	2	2
38	114.00	20.00	5	20
39	117.00	20.00	2	7
40	120.00	20.00	2	9
41	123.00	20.00	3	6
42	126.00	20.00	1	14
43	129.00	20.00	4	9
44	132.00	20.00	3	10
45	135.00	20.00	0	7
46	138.00	20.00	2	5
47	141.00	20.00	4	13
48	144.00	20.00	4	7
49	147.00	20.00	1	5
50	150.00	20.00	3	17
51	153.00	20.00	4	7
52	156.00	20.00	1	6
53	159.00	20.00	3	8
54	162.00	20.00	2	8
55	165.00	20.00	3	10
56	168.00	20.00	2	1
57	171.00	20.00	9	8
58	174.00	20.00	4	3
59	177.00	20.00	3	6
60	180.00	20.00	5	0
61	183.00	20.00	2	3
62	186.00	20.00	10	6
63	189.00	20.00	5	5
64	192.00	20.00	2	6
65	195.00	20.00	2	7
66	198.00	20.00	4	4
67	201.00	20.00	2	9
68	204.00	20.00	1	5
69	207.00	20.00	4	8
70	210.00	20.00	2	4
71	213.00	20.00	1	6
72	216.00	20.00	1	5
73	219.00	20.00	5	6
74	222.00	20.00	2	13
75	225.00	20.00	2	9
76	228.00	20.00	5	7
77	231.00	20.00	2	4
78	234.00	20.00	2	4
79	237.00	20.00	1	8
80	240.00	20.00	2	9
81	243.00	20.00	4	9
82	246.00	20.00	2	7
83	249.00	20.00	2	10
84	252.00	20.00	2	6
85	255.00	20.00	5	13
86	258.00	20.00	5	11
87	261.00	20.00	1	5
88	264.00	20.00	4	12
89	267.00	20.00	1	6
90	270.00	20.00	4	7
91	273.00	20.00	1	4
92	276.00	20.00	1	2
93	279.00	20.00	3	6
94	282.00	20.00	6	10
95	285.00	20.00	5	4
96	288.00	20.00	3	9
97	291.00	20.00	3	1
98	294.00	20.00	2	4
99	297.00	20.00	4	5
100	300.00	20.00	4	7
101	303.00	20.00	2	7
102	306.00	20.00	1	12
103	309.00	20.00	4	8
104	312.00	20.00	2	8
105	315.00	20.00	2	8
106	318.00	20.00	1	4
107	321.00	20.00	3	10
108	324.00	20.00	2	7
109	327.00	20.00	2	11
110	330.00	20.00	5	12
111	333.00	20.00	0	10
112	336.00	20.00	2	8
113	339.00	20.00	1	8
114	342.00	20.00	2	13
115	345.00	20.00	1	5
116	348.00	20.00	1	12
117	351.00	20.00	3	7
118	354.00	20.00	2	6
119	357.00	20.00	2	10
120	360.00	20.00	4	8
121	363.00	20.00	4	13
122	366.00	20.00	2	15
123	369.00	20.00	0	3
124	372.00	20.00	1	6
125	375.00	20.00	1	5
126	378.00	20.00	2	6
127	381.00	20.00	3	7
128	384.00	20.00	3	6
129	387.00	20.00	3	6
130	390.00	20.00	3	6
131	393.00	20.00	3	5
132	396.00	20.00	3	8
133	399.00	20.00	1	8
134	402.00	20.00	2	7
135	405.00	20.00	2	8
136	408.00	20.00	3	4
137	411.00	20.00	1	8
138	414.00	20.00	1	7
139	417.00	20.00	2	10
140	420.00	20.00	3	9
141	423.00	20.00	2	12
142	426.00	20.00	2	15
143	429.00	20.00	2	13
144	432.00	20.00	1	13
* 16	0.9887695	10.0	530	2269	61043	1788	3776945708	2799	0.0000000	0.0000000
* Date: 07/09/2023	Time: 17:35
* Pulsetime (탎):0.000003	Looptime (탎): 434.000000	BinWidth (탎): 3.000000	BinCount: 145	measured time (s): 20.001000
* Bin NR >>  탎  >>  rec.time  >>  Counts O  >>  Counts AUX
* begin of data:
0	0.00	20.00	0	9
1	3.00	20.00	0	8
2	6.00	20.00	5	16
3	9.00	20.00	1	12
4	12.00	20.00	1	10
5	15.00	20.00	3	11
6	18.00	20.00	5	11
7	21.00	20.00	4	12
8	24.00	20.00	5	10
9	27.00	20.00	0	15
10	30.00	20.00	4	10
11	33.00	20.00	4	9
12	36.00	20.00	2	20
13	39.00	20.00	5	18
14	42.00	20.00	5	13
15	45.00	20.00	3	21
16	48.00	20.00	4	11
17	51.00	20.00	3	14
18	54.00	20.00	2	7
19	57.00	20.00	5	11
20	60.00	20.00	2	17
21	63.00	20.00	2	14
22	66.00	20.00	4	12
23	69.00	20.00	4	14
24	72.00	20.00	2	9
25	75.00	20.00	3	8
26	78.00	20.00	10	10
27	81.00	20.00	4	8
28	84.00	20.00	2	15
29	87.00	20.00	3	12
30	90.00	20.00	5	7
31	93.00	20.00	5	10
32	96.00	20.00	4	11
33	99.00	20.00	2	8
34	102.00	20.00	5	10
35	105.00	20.00	5	9
36	108.00	20.00	3	11
37	111.00	20.00	5	17
38	114.00	20.00	4	14
39	117.00	20.00	5	18
40	120.00	20.00	2	7
41	123.00	20.00	2	22
42	126.00	20.00	4	11
43	129.00	20.00	4	15
44	132.00	20.00	3	15
45	135.00	20.00	2	11
46	138.00	20.00	1	11
47	141.00	20.00	4	15
48	144.00	20.00	5	10
49	147.00	20.00	4	14
50	150.00	20.00	4	10
51	153.00	20.00	1	12
52	156.00	20.00	0	12
53	159.00	20.00	4	18
54	162.00	20.00	5	15
55	165.00	20.00	2	10
56	168.00	20.00	2	10
57	171.00	20.00	8	10
58	174.00	20.00	9	11
59	177.00	20.00	5	10
60	180.00	20.00	6	6
61	183.00	20.00	5	9
62	186.00	20.00	2	15
63	189.00	20.00	6	13
64	192.00	20.00	4	14
65	195.00	20.00	4	6
66	198.00	20.00	5	6
67	201.00	20.00	6	11
68	204.00	20.00	6	12
69	207.00	20.00	1	3
70	210.00	20.00	5	14
71	213.00	20.00	2	17
72	216.00	20.00	5	10
73	219.00	20.00	6	9
74	222.00	20.00	3	17
75	225.00	20.00	1	8
76	228.00	20.00	1	11
77	231.00	20.00	1	20
78	234.00	20.00	2	15
79	237.00	20.00	4	11
80	240.00	20.00	4	13
81	243.00	20.00	3	14
82	246.00	20.00	6	15
83	249.00	20.00	2	19
84	252.00	20.00	3	10
85	255.00	20.00	3	7
86	258.00	20.00	4	16
87	261.00	20.00	5	14
88	264.00	20.00	5	14
89	267.00	20.00	6	15
90	270.00	20.00	3	17
91	273.00	20.00	5	11
92	276.00	20.00	4	7
93	279.00	20.00	4	13
94	282.00	20.00	5	10
95	285.00	20.00	7	10
96	288.00	20.00	2	6
97	291.00	20.00	5	7
98	294.00	20.00	3	11
99	297.00	20.00	3	7
100	300.00	20.00	3	12
101	303.00	20.00	6	16
102	306.00	20.00	3	17
103	309.00	20.00	2	10
104	312.00	20.00	4	15
105	315.00	20.00	3	12
106	318.00	20.00	5	16
107	321.00	20.00	4	19
108	324.00	20.00	5	8
109	327.00	20.00	8	16
110	330.00	20.00	4	15
111	333.00	20.00	0	16
112	336.00	20.00	4	9
113	339.00	20.00	3	17
114	342.00	20.00	2	11
115	345.00	20.00	2	15
116	348.00	20.00	5	14
117	351.00	20.00	5	14
118	354.00	20.00	7	12
119	357.00	20.00	1	7
120	360.00	20.00	3	8
121	363.00	20.00	1	18
122	366.00	20.00	5	26
123	369.00	20.00	3	11
124	372.00	20.00	1	14
125	375.00	20.00	2	16
126	378.00	20.00	2	10
127	381.00	20.00	6	7
128	384.00	20.00	3	6
129	387.00	20.00	5	8
130	390.00	20.00	2	9
131	393.00	20.00	5	14
132	396.00	20.00	4	12
133	399.00	20.00	7	8
134	402.00	20.00	3	5
135	405.00	20.00	5	13
136	408.00	20.00	2	13
137	411.00	20.00	2	9
138	414.00	20.00	2	11
139	417.00	20.00	1	18
140	420.00	20.00	6	16
141	423.00	20.00	2	11
142	426.00	20.00	4	16
143	429.00	20.00	3	21
144	432.00	20.00	6	20
* 17	1.1865234	10.0	745	2269	61043	2223	3776945736	3014	0.0000000	0.0000000
* Date: 07/09/2023	Time: 17:35
* Pulsetime (탎):0.000003	Looptime (탎): 434.000000	BinWidth (탎): 3.000000	BinCount: 145	measured time (s): 20.009000
* Bin NR >>  탎  >>  rec.time  >>  Counts O  >>  Counts AUX
* begin of data:
0	0.00	20.01	1	7
1	3.00	20.01	3	18
2	6.00	20.01	6	17
3	9.00	20.01	4	8
4	12.00	20.01	3	16
5	15.00	20.01	2	22
6	18.00	20.01	4	19
7	21.00	20.01	6	13
8	24.00	20.01	5	20
9	27.00	20.01	7	14
10	30.00	20.01	4	19
11	33.00	20.01	7	18
12	36.00	20.01	7	16
13	39.00	20.01	3	14
14	42.00	20.01	6	20
15	45.00	20.01	3	14
16	48.00	20.01	3	10
17	51.00	20.01	5	10
18	54.00	20.01	3	14
19	57.00	20.01	6	13
20	60.00	20.01	4	16
21	63.00	20.01	7	17
22	66.00	20.01	4	12
23	69.00	20.01	6	12
24	72.00	20.01	9	14
25	75.00	20.01	3	17
26	78.00	20.01	5	17
27	81.00	20.01	7	16
28	84.00	20.01	3	12
29	87.00	20.01	5	9
30	90.00	20.01	7	7
31	93.00	20.01	5	20
32	96.00	20.01	5	12
33	99.00	20.01	4	7
34	102.00	20.01	6	18
35	105.00	20.01	7	16
36	108.00	20.01	9	12
37	111.00	20.01	5	11
38	114.00	20.01	5	17
39	117.00	20.01	2	18
40	120.00	20.01	5	18
41	123.00	20.01	6	12
42	126.00	20.01	6	18
43	129.00	20.01	4	16
44	132.00	20.01	5	18
45	135.00	20.01	2	18
46	138.00	20.01	8	7
47	141.00	20.01	2	14
48	144.00	20.01	6	15
49	147.00	20.01	6	17
50	150.00	20.01	7	22
51	153.00	20.01	6	17
52	156.00	20.01	7	15
53	159.00	20.01	7	14
54	162.00	20.01	5	12
55	165.00	20.01	13	12
56	168.00	20.01	5	19
57	171.00	20.01	8	14
58	174.00	20.01	4	16
59	177.00	20.01	7	17
60	180.00	20.01	6	8
61	183.00	20.01	6	21
62	186.00	20.01	5	13
63	189.00	20.01	10	15
64	192.00	20.01	8	21
65	195.00	20.01	4	11
66	198.00	20.01	3	28
67	201.00	20.01	7	12
68	204.00	20.01	2	15
69	207.00	20.01	9	15
70	210.00	20.01	4	11
71	213.00	20.01	2	14
72	216.00	20.01	4	14
73	219.00	20.01	2	15
74	222.00	20.01	3	17
75	225.00	20.01	5	25
76	228.00	20.01	3	27
77	231.00	20.01	4	17
78	234.00	20.01	3	17
79	237.00	20.01	7	12
80	240.00	20.01	7	21
81	243.00	20.01	4	15
82	246.00	20.01	3	26
83	249.00	20.01	5	15
84	252.00	20.01	1	17
85	255.00	20.01	6	17
86	258.00	20.01	2	20
87	261.00	20.01	4	11
88	264.00	20.01	5	16
89	267.00	20.01	2	15
90	270.00	20.01	4	16
91	273.00	20.01	9	17
92	276.00	20.01	4	18
93	279.00	20.01	7	13
94	282.00	20.01	7	14
95	285.00	20.01	4	14
96	288.00	20.01	5	13
97	291.00	20.01	7	10
98	294.00	20.01	7	10
99	297.00	20.01	3	9
100	300.00	20.01	7	13
101	303.00	20.01	4	19
102	306.00	20.01	6	14
103	309.00	20.01	8	13
104	312.00	20.01	7	9
105	315.00	20.01	8	14
106	318.00	20.01	3	24
107	321.00	20.01	6	20
108	324.00	20.01	6	14
109	327.00	20.01	5	20
110	330.00	20.01	5	15
111	333.00	20.01	5	11
112	336.00	20.01	2	19
113	339.00	20.01	3	15
114	342.00	20.01	4	18
115	345.00	20.01	5	18
116	348.00	20.01	5	20
117	351.00	20.01	5	19
118	354.00	20.01	5	20
119	357.00	20.01	2	22
120	360.00	20.01	5	13
121	363.00	20.01	6	14
122	366.00	20.01	6	8
123	369.00	20.01	3	7
124	372.00	20.01	6	17
125	375.00	20.01	2	16
126	378.00	20.01	3	22
127	381.00	20.01	5	11
128	384.00	20.01	6	14
129	387.00	20.01	2	12
130	390.00	20.01	9	18
131	393.00	20.01	5	20
132	396.00	20.01	5	8
133	399.00	20.01	10	7
134	402.00	20.01	5	15
135	405.00	20.01	6	19
136	408.00	20.01	4	17
137	411.00	20.01	9	20
138	414.00	20.01	9	17
139	417.00	20.01	7	12
140	420.00	20.01	3	10
141	423.00	20.01	2	15
142	426.00	20.01	8	18
143	429.00	20.01	2	10
144	432.00	20.01	8	15
* 18	1.3952637	10.0	822	2269	61043	2401	3776945764	3091	0.0000000	0.0000000
* Date: 07/09/2023	Time: 17:36
* Pulsetime (탎):0.000003	Looptime (탎): 434.000000	BinWidth (탎): 3.000000	BinCount: 145	measured time (s): 20.007000
* Bin NR >>  탎  >>  rec.time  >>  Counts O  >>  Counts AUX
* begin of data:
0	0.00	20.01	3	12
1	3.00	20.01	3	15
2	6.00	20.01	5	17
3	9.00	20.01	7	12
4	12.00	20.01	5	14
5	15.00	20.01	4	20
6	18.00	20.01	4	19
7	21.00	20.01	6	18
8	24.00	20.01	9	23
9	27.00	20.01	7	25
10	30.00	20.01	3	11
11	33.00	20.01	7	13
12	36.00	20.01	4	13
13	39.00	20.01	8	9
14	42.00	20.01	5	18
15	45.00	20.01	2	8
16	48.00	20.01	10	11
17	51.00	20.01	7	12
18	54.00	20.01	2	17
19	57.00	20.01	4	17
20	60.00	20.01	3	22
21	63.00	20.01	4	13
22	66.00	20.01	2	21
23	69.00	20.01	5	15
24	72.00	20.01	9	20
25	75.00	20.01	5	16
26	78.00	20.01	3	19
27	81.00	20.01	8	15
28	84.00	20.01	8	16
29	87.00	20.01	0	17
30	90.00	20.01	5	15
31	93.00	20.01	6	19
32	96.00	20.01	10	17
33	99.00	20.01	9	17
34	102.00	20.01	10	15
35	105.00	20.01	2	22
36	108.00	20.01	3	18
37	111.00	20.01	7	13
38	114.00	20.01	6	17
39	117.00	20.01	8	18
40	120.00	20.01	4	17
41	123.00	20.01	6	19
42	126.00	20.01	5	21
43	129.00	20.01	3	17
44	132.00	20.01	8	17
45	135.00	20.01	2	11
46	138.00	20.01	4	16
47	141.00	20.01	6	20
48	144.00	20.01	7	10
49	147.00	20.01	4	17
50	150.00	20.01	3	10
51	153.00	20.01	10	24
52	156.00	20.01	8	23
53	159.00	20.01	8	14
54	162.00	20.01	5	17
55	165.00	20.01	5	19
56	168.00	20.01	6	20
57	171.00	20.01	9	20
58	174.00	20.01	3	20
59	177.00	20.01	12	18
60	180.00	20.01	10	16
61	183.00	20.01	6	23
62	186.00	20.01	4	10
63	189.00	20.01	3	10
64	192.00	20.01	2	17
65	195.00	20.01	8	23
66	198.00	20.01	7	12
67	201.00	20.01	5	12
68	204.00	20.01	4	16
69	207.00	20.01	4	15
70	210.00	20.01	11	18
71	213.00	20.01	2	11
72	216.00	20.01	9	17
73	219.00	20.01	7	14
74	222.00	20.01	5	9
75	225.00	20.01	4	12
76	228.00	20.01	3	21
77	231.00	20.01	7	16
78	234.00	20.01	2	16
79	237.00	20.01	10	13
80	240.00	20.01	6	20
81	243.00	20.01	9	14
82	246.00	20.01	3	12
83	249.00	20.01	7	17
84	252.00	20.01	12	17
85	255.00	20.01	6	19
86	258.00	20.01	7	15
87	261.00	20.01	7	16
88	264.00	20.01	7	16
89	267.00	20.01	5	11
90	270.00	20.01	5	15
91	273.00	20.01	8	20
92	276.00	20.01	8	10
93	279.00	20.01	10	20
94	282.00	20.01	7	14
95	285.00	20.01	6	22
96	288.00	20.01	4	15
97	291.00	20.01	6	15
98	294.00	20.01	10	17
99	297.00	20.01	6	23
100	300.00	20.01	5	25
101	303.00	20.01	1	17
102	306.00	20.01	3	15
103	309.00	20.01	9	22
104	312.00	20.01	5	9
105	315.00	20.01	3	14
106	318.00	20.01	5	15
107	321.00	20.01	4	17
108	324.00	20.01	4	13
109	327.00	20.01	6	21
110	330.00	20.01	6	22
111	333.00	20.01	3	17
112	336.00	20.01	7	22
113	339.00	20.01	8	17
114	342.00	20.01	8	27
115	345.00	20.01	8	15
116	348.00	20.01	5	10
117	351.00	20.01	4	14
118	354.00	20.01	7	15
119	357.00	20.01	7	16
120	360.00	20.01	5	20
121	363.00	20.01	8	16
122	366.00	20.01	6	20
123	369.00	20.01	4	14
124	372.00	20.01	7	15
125	375.00	20.01	8	21
126	378.00	20.01	4	18
127	381.00	20.01	5	11
128	384.00	20.01	4	20
129	387.00	20.01	2	24
130	390.00	20.01	5	22
131	393.00	20.01	2	17
132	396.00	20.01	7	19
133	399.00	20.01	7	15
134	402.00	20.01	4	18
135	405.00	20.01	3	15
136	408.00	20.01	5	13
137	411.00	20.01	4	19
138	414.00	20.01	6	16
139	417.00	20.01	6	18
140	420.00	20.01	4	17
141	423.00	20.01	4	15
142	426.00	20.01	3	9
143	429.00	20.01	6	20
144	432.00	20.01	6	15
* 19	1.6040039	10.0	844	2269	61043	2127	3776945791	3113	0.0000000	0.0000000
* Date: 07/09/2023	Time: 17:36
* Pulsetime (탎):0.000003	Looptime (탎): 434.000000	BinWidth (탎): 3.000000	BinCount: 145	measured time (s): 20.001000
* Bin NR >>  탎  >>  rec.time  >>  Counts O  >>  Counts AUX
* begin of data:
0	0.00	20.00	4	10
1	3.00	20.00	7	10
2	6.00	20.00	4	7
3	9.00	20.00	2	6
4	12.00	20.00	4	12
5	15.00	20.00	6	25
6	18.00	20.00	5	25
7	21.00	20.00	1	14
8	24.00	20.00	8	18
9	27.00	20.00	5	21
10	30.00	20.00	5	13
11	33.00	20.00	5	11
12	36.00	20.00	7	12
13	39.00	20.00	6	14
14	42.00	20.00	3	8
15	45.00	20.00	5	11
16	48.00	20.00	7	13
17	51.00	20.00	3	14
18	54.00	20.00	4	15
19	57.00	20.00	3	6
20	60.00	20.00	4	8
21	63.00	20.00	6	11
22	66.00	20.00	6	15
23	69.00	20.00	4	20
24	72.00	20.00	10	22
25	75.00	20.00	4	15
26	78.00	20.00	9	15
27	81.00	20.00	9	10
28	84.00	20.00	8	14
29	87.00	20.00	9	12
30	90.00	20.00	10	18
31	93.00	20.00	8	19
32	96.00	20.00	5	15
33	99.00	20.00	1	15
34	102.00	20.00	9	15
35	105.00	20.00	6	14
36	108.00	20.00	4	14
37	111.00	20.00	6	15
38	114.00	20.00	3	14
39	117.00	20.00	8	4
40	120.00	20.00	3	23
41	123.00	20.00	4	17
42	126.00	20.00	6	13
43	129.00	20.00	8	16
44	132.00	20.00	7	10
45	135.00	20.00	11	12
46	138.00	20.00	8	17
47	141.00	20.00	7	15
48	144.00	20.00	11	14
49	147.00	20.00	5	11
50	150.00	20.00	8	12
51	153.00	20.00	5	12
52	156.00	20.00	10	16
53	159.00	20.00	3	16
54	162.00	20.00	5	14
55	165.00	20.00	5	11
56	168.00	20.00	8	12
57	171.00	20.00	7	19
58	174.00	20.00	10	6
59	177.00	20.00	5	16
60	180.00	20.00	7	19
61	183.00	20.00	1	16
62	186.00	20.00	4	19
63	189.00	20.00	6	11
64	192.00	20.00	4	17
65	195.00	20.00	3	17
66	198.00	20.00	9	11
67	201.00	20.00	2	11
68	204.00	20.00	8	17
69	207.00	20.00	4	17
70	210.00	20.00	9	21
71	213.00	20.00	7	21
72	216.00	20.00	7	21
73	219.00	20.00	5	16
74	222.00	20.00	6	18
75	225.00	20.00	5	19
76	228.00	20.00	7	21
77	231.00	20.00	4	19
78	234.00	20.00	5	12
79	237.00	20.00	3	17
80	240.00	20.00	7	16
81	243.00	20.00	4	12
82	246.00	20.00	9	12
83	249.00	20.00	3	21
84	252.00	20.00	1	14
85	255.00	20.00	7	12
86	258.00	20.00	7	10
87	261.00	20.00	6	10
88	264.00	20.00	5	14
89	267.00	20.00	5	18
90	270.00	20.00	7	9
91	273.00	20.00	8	28
92	276.00	20.00	2	12
93	279.00	20.00	1	16
94	282.00	20.00	8	15
95	285.00	20.00	9	12
96	288.00	20.00	2	21
97	291.00	20.00	7	13
98	294.00	20.00	7	16
99	297.00	20.00	3	17
100	300.00	20.00	6	16
101	303.00	20.00	6	11
102	306.00	20.00	9	16
103	309.00	20.00	9	20
104	312.00	20.00	5	18
105	315.00	20.00	6	8
106	318.00	20.00	1	14
107	321.00	20.00	5	15
108	324.00	20.00	8	18
109	327.00	20.00	3	24
110	330.00	20.00	5	12
111	333.00	20.00	11	9
112	336.00	20.00	4	11
113	339.00	20.00	4	14
114	342.00	20.00	6	18
115	345.00	20.00	6	11
116	348.00	20.00	10	16
117	351.00	20.00	2	20
118	354.00	20.00	7	19
119	357.00	20.00	9	12
120	360.00	20.00	11	14
121	363.00	20.00	5	12
122	366.00	20.00	1	19
123	369.00	20.00	5	16
124	372.00	20.00	4	14
125	375.00	20.00	7	16
126	378.00	20.00	11	10
127	381.00	20.00	9	12
128	384.00	20.00	3	18
129	387.00	20.00	5	16
130	390.00	20.00	6	15
131	393.00	20.00	5	13
132	396.00	20.00	8	15
133	399.00	20.00	7	21
134	402.00	20.00	4	15
135	405.00	20.00	2	15
136	408.00	20.00	3	14
137	411.00	20.00	6	11
138	414.00	20.00	2	17
139	417.00	20.00	12	14
140	420.00	20.00	6	10
141	423.00	20.00	7	8
142	426.00	20.00	3	12
143	429.00	20.00	7	9
144	432.00	20.00	9	16
* 20	1.8017578	10.0	751	2269	61043	1619	3776945819	3020	0.0000000	0.0000000
* Date: 07/09/2023	Time: 17:36
* Pulsetime (탎):0.000003	Looptime (탎): 434.000000	BinWidth (탎): 3.000000	BinCount: 145	measured time (s): 20.001000
* Bin NR >>  탎  >>  rec.time  >>  Counts O  >>  Counts AUX
* begin of data:
0	0.00	20.00	4	6
1	3.00	20.00	3	8
2	6.00	20.00	5	11
3	9.00	20.00	3	14
4	12.00	20.00	5	10
5	15.00	20.00	6	14
6	18.00	20.00	9	19
7	21.00	20.00	3	12
8	24.00	20.00	5	12
9	27.00	20.00	7	13
10	30.00	20.00	4	11
11	33.00	20.00	1	9
12	36.00	20.00	9	11
13	39.00	20.00	4	9
14	42.00	20.00	3	9
15	45.00	20.00	2	4
16	48.00	20.00	7	13
17	51.00	20.00	4	8
18	54.00	20.00	5	10
19	57.00	20.00	3	7
20	60.00	20.00	2	14
21	63.00	20.00	7	11
22	66.00	20.00	5	10
23	69.00	20.00	7	16
24	72.00	20.00	2	12
25	75.00	20.00	5	13
26	78.00	20.00	6	11
27	81.00	20.00	4	9
28	84.00	20.00	6	11
29	87.00	20.00	7	18
30	90.00	20.00	6	14
31	93.00	20.00	9	13
32	96.00	20.00	6	10
33	99.00	20.00	4	14
34	102.00	20.00	6	6
35	105.00	20.00	8	15
36	108.00	20.00	3	10
37	111.00	20.00	3	16
38	114.00	20.00	5	13
39	117.00	20.00	6	7
40	120.00	20.00	7	14
41	123.00	20.00	4	8
42	126.00	20.00	5	9
43	129.00	20.00	9	8
44	132.00	20.00	4	3
45	135.00	20.00	6	6
46	138.00	20.00	2	14
47	141.00	20.00	6	11
48	144.00	20.00	4	11
49	147.00	20.00	3	7
50	150.00	20.00	2	6
51	153.00	20.00	3	7
52	156.00	20.00	7	11
53	159.00	20.00	6	9
54	162.00	20.00	6	16
55	165.00	20.00	6	12
56	168.00	20.00	3	8
57	171.00	20.00	7	11
58	174.00	20.00	6	10
59	177.00	20.00	4	13
60	180.00	20.00	6	7
61	183.00	20.00	6	5
62	186.00	20.00	5	15
63	189.00	20.00	10	15
64	192.00	20.00	6	16
65	195.00	20.00	3	7
66	198.00	20.00	4	15
67	201.00	20.00	3	11
68	204.00	20.00	4	11
69	207.00	20.00	3	13
70	210.00	20.00	3	11
71	213.00	20.00	5	8
72	216.00	20.00	9	12
73	219.00	20.00	7	11
74	222.00	20.00	9	9
75	225.00	20.00	6	13
76	228.00	20.00	4	14
77	231.00	20.00	3	13
78	234.00	20.00	3	8
79	237.00	20.00	8	8
80	240.00	20.00	4	7
81	243.00	20.00	6	9
82	246.00	20.00	5	9
83	249.00	20.00	7	13
84	252.00	20.00	3	11
85	255.00	20.00	2	9
86	258.00	20.00	4	17
87	261.00	20.00	4	9
88	264.00	20.00	6	7
89	267.00	20.00	4	8
90	270.00	20.00	5	11
91	273.00	20.00	5	14
92	276.00	20.00	4	14
93	279.00	20.00	3	10
94	282.00	20.00	4	7
95	285.00	20.00	5	8
96	288.00	20.00	11	16
97	291.00	20.00	2	17
98	294.00	20.00	7	11
99	297.00	20.00	4	8
100	300.00	20.00	5	10
101	303.00	20.00	7	16
102	306.00	20.00	5	10
103	309.00	20.00	5	9
104	312.00	20.00	3	8
105	315.00	20.00	4	12
106	318.00	20.00	3	13
107	321.00	20.00	6	8
108	324.00	20.00	8	6
109	327.00	20.00	6	8
110	330.00	20.00	8	11
111	333.00	20.00	3	10
112	336.00	20.00	8	11
113	339.00	20.00	7	9
114	342.00	20.00	6	5
115	345.00	20.00	7	9
116	348.00	20.00	5	16
117	351.00	20.00	5	13
118	354.00	20.00	6	11
119	357.00	20.00	9	6
120	360.00	20.00	1	13
121	363.00	20.00	8	10
122	366.00	20.00	6	11
123	369.00	20.00	4	14
124	372.00	20.00	9	8
125	375.00	20.00	4	9
126	378.00	20.00	4	8
127	381.00	20.00	5	13
128	384.00	20.00	11	25
129	387.00	20.00	3	13
130	390.00	20.00	3	15
131	393.00	20.00	6	21
132	396.00	20.00	3	14
133	399.00	20.00	3	15
134	402.00	20.00	7	20
135	405.00	20.00	4	17
136	408.00	20.00	7	20
137	411.00	20.00	8	12
138	414.00	20.00	2	9
139	417.00	20.00	3	16
140	420.00	20.00	8	15
141	423.00	20.00	2	9
142	426.00	20.00	6	11
143	429.00	20.00	7	8
144	432.00	20.00	8	8
* 21	1.9995117	10.0	509	2269	61043	968	3776945846	2778	0.0000000	0.0000000
* Date: 07/09/2023	Time: 17:37
* Pulsetime (탎):0.000003	Looptime (탎): 434.000000	BinWidth (탎): 3.000000	BinCount: 145	measured time (s): 20.013000
* Bin NR >>  탎  >>  rec.time  >>  Counts O  >>  Counts AUX
* begin of data:
0	0.00	20.01	0	1
1	3.00	20.01	3	1
2	6.00	20.01	3	5
3	9.00	20.01	2	8
4	12.00	20.01	5	8
5	15.00	20.01	1	6
6	18.00	20.01	6	8
7	21.00	20.01	4	11
8	24.00	20.01	5	8
9	27.00	20.01	5	7
10	30.00	20.01	3	6
11	33.00	20.01	3	10
12	36.00	20.01	5	9
13	39.00	20.01	3	6
14	42.00	20.01	2	1
15	45.00	20.01	1	5
16	48.00	20.01	4	3
17	51.00	20.01	2	3
18	54.00	20.01	4	6
19	57.00	20.01	6	0
20	60.00	20.01	7	2
21	63.00	20.01	1	9
22	66.00	20.01	2	11
23	69.00	20.01	1	8
24	72.00	20.01	4	8
25	75.00	20.01	1	6
26	78.00	20.01	4	6
27	81.00	20.01	1	8
28	84.00	20.01	1	16
29	87.00	20.01	5	8
30	90.00	20.01	3	4
31	93.00	20.01	4	9
32	96.00	20.01	3	8
33	99.00	20.01	6	7
34	102.00	20.01	3	6
35	105.00	20.01	3	7
36	108.00	20.01	5	12
37	111.00	20.01	3	6
38	114.00	20.01	5	7
39	117.00	20.01	4	6
40	120.00	20.01	3	11
41	123.00	20.01	4	1
42	126.00	20.01	4	9
43	129.00	20.01	7	6
44	132.00	20.01	7	7
45	135.00	20.01	7	4
46	138.00	20.01	4	6
47	141.00	20.01	3	6
48	144.00	20.01	7	6
49	147.00	20.01	4	2
50	150.00	20.01	3	4
51	153.00	20.01	2	7
52	156.00	20.01	3	5
53	159.00	20.01	6	6
54	162.00	20.01	2	9
55	165.00	20.01	1	4
56	168.00	20.01	8	9
57	171.00	20.01	1	9
58	174.00	20.01	4	8
59	177.00	20.01	3	5
60	180.00	20.01	1	6
61	183.00	20.01	2	9
62	186.00	20.01	4	11
63	189.00	20.01	1	11
64	192.00	20.01	2	11
65	195.00	20.01	2	9
66	198.00	20.01	2	11
67	201.00	20.01	3	6
68	204.00	20.01	7	5
69	207.00	20.01	6	10
70	210.00	20.01	0	4
71	213.00	20.01	3	6
72	216.00	20.01	6	7
73	219.00	20.01	3	2
74	222.00	20.01	6	8
75	225.00	20.01	2	3
76	228.00	20.01	1	8
77	231.00	20.01	2	6
78	234.00	20.01	2	4
79	237.00	20.01	1	2
80	240.00	20.01	4	5
81	243.00	20.01	8	5
82	246.00	20.01	4	4
83	249.00	20.01	5	5
84	252.00	20.01	1	7
85	255.00	20.01	1	5
86	258.00	20.01	4	9
87	261.00	20.01	0	4
88	264.00	20.01	5	5
89	267.00	20.01	4	6
90	270.00	20.01	3	4
91	273.00	20.01	4	12
92	276.00	20.01	4	10
93	279.00	20.01	3	9
94	282.00	20.01	3	7
95	285.00	20.01	1	6
96	288.00	20.01	5	13
97	291.00	20.01	3	10
98	294.00	20.01	2	6
99	297.00	20.01	4	9
100	300.00	20.01	7	8
101	303.00	20.01	3	7
102	306.00	20.01	3	7
103	309.00	20.01	6	9
104	312.00	20.01	3	7
105	315.00	20.01	8	6
106	318.00	20.01	5	4
107	321.00	20.01	2	6
108	324.00	20.01	5	5
109	327.00	20.01	3	4
110	330.00	20.01	4	3
111	333.00	20.01	4	11
112	336.00	20.01	4	1
113	339.00	20.01	3	5
114	342.00	20.01	5	4
115	345.00	20.01	3	6
116	348.00	20.01	4	4
117	351.00	20.01	3	2
118	354.00	20.01	5	5
119	357.00	20.01	7	4
120	360.00	20.01	6	3
121	363.00	20.01	6	9
122	366.00	20.01	0	8
123	369.00	20.01	3	6
124	372.00	20.01	3	5
125	375.00	20.01	6	6
126	378.00	20.01	4	8
127	381.00	20.01	5	11
128	384.00	20.01	5	11
129	387.00	20.01	1	11
130	390.00	20.01	4	8
131	393.00	20.01	4	10
132	396.00	20.01	4	5
133	399.00	20.01	1	14
134	402.00	20.01	2	9
135	405.00	20.01	2	7
136	408.00	20.01	2	10
137	411.00	20.01	5	3
138	414.00	20.01	3	6
139	417.00	20.01	1	8
140	420.00	20.01	2	4
141	423.00	20.01	2	6
142	426.00	20.01	2	6
143	429.00	20.01	4	6
144	432.00	20.01	5	9
* end: 07/09/2023 17:37:28
