# BinNR microsec tot-time (s)  O-Beam AUX Ampl(V) f(Hz) phase(deg) chi(pos)
0 0.00 1200.00 60 113 2.000 10000.000 0.000 0.088
1 3.00 1200.00 94 228 2.000 10000.000 0.000 0.088
2 6.00 1200.00 107 211 2.000 10000.000 0.000 0.088
3 9.00 1200.00 97 172 2.000 10000.000 0.000 0.088
4 12.00 1200.00 109 145 2.000 10000.000 0.000 0.088
5 15.00 1200.00 94 131 2.000 10000.000 0.000 0.088
6 18.00 1200.00 95 110 2.000 10000.000 0.000 0.088
7 21.00 1200.00 120 111 2.000 10000.000 0.000 0.088
8 24.00 1200.00 131 110 2.000 10000.000 0.000 0.088
9 27.00 1200.00 123 108 2.000 10000.000 0.000 0.088
10 30.00 1200.00 134 151 2.000 10000.000 0.000 0.088
11 33.00 1200.00 132 143 2.000 10000.000 0.000 0.088
12 36.00 1200.00 174 152 2.000 10000.000 0.000 0.088
13 39.00 1200.00 151 166 2.000 10000.000 0.000 0.088
14 42.00 1200.00 139 177 2.000 10000.000 0.000 0.088
15 45.00 1200.00 135 173 2.000 10000.000 0.000 0.088
16 48.00 1200.00 128 191 2.000 10000.000 0.000 0.088
17 51.00 1200.00 138 176 2.000 10000.000 0.000 0.088
18 54.00 1200.00 142 178 2.000 10000.000 0.000 0.088
19 57.00 1200.00 125 159 2.000 10000.000 0.000 0.088
20 60.00 1200.00 120 126 2.000 10000.000 0.000 0.088
21 63.00 1200.00 125 108 2.000 10000.000 0.000 0.088
22 66.00 1200.00 119 115 2.000 10000.000 0.000 0.088
23 69.00 1200.00 105 104 2.000 10000.000 0.000 0.088
24 72.00 1200.00 94 100 2.000 10000.000 0.000 0.088
25 75.00 1200.00 94 99 2.000 10000.000 0.000 0.088
26 78.00 1200.00 98 117 2.000 10000.000 0.000 0.088
27 81.00 1200.00 110 100 2.000 10000.000 0.000 0.088
28 84.00 1200.00 112 165 2.000 10000.000 0.000 0.088
29 87.00 1200.00 98 168 2.000 10000.000 0.000 0.088
30 90.00 1200.00 97 179 2.000 10000.000 0.000 0.088
31 93.00 1200.00 102 207 2.000 10000.000 0.000 0.088
32 96.00 1200.00 94 225 2.000 10000.000 0.000 0.088
33 99.00 1200.00 86 224 2.000 10000.000 0.000 0.088
34 102.00 1200.00 90 235 2.000 10000.000 0.000 0.088
35 105.00 1200.00 84 222 2.000 10000.000 0.000 0.088
36 108.00 1200.00 83 213 2.000 10000.000 0.000 0.088
37 111.00 1200.00 102 180 2.000 10000.000 0.000 0.088
38 114.00 1200.00 108 172 2.000 10000.000 0.000 0.088
39 117.00 1200.00 91 142 2.000 10000.000 0.000 0.088
40 120.00 1200.00 106 122 2.000 10000.000 0.000 0.088
41 123.00 1200.00 114 118 2.000 10000.000 0.000 0.088
42 126.00 1200.00 143 103 2.000 10000.000 0.000 0.088
43 129.00 1200.00 137 115 2.000 10000.000 0.000 0.088
44 132.00 1200.00 145 127 2.000 10000.000 0.000 0.088
45 135.00 1200.00 136 126 2.000 10000.000 0.000 0.088
46 138.00 1200.00 156 173 2.000 10000.000 0.000 0.088
47 141.00 1200.00 134 159 2.000 10000.000 0.000 0.088
48 144.00 1200.00 131 177 2.000 10000.000 0.000 0.088
49 147.00 1200.00 125 180 2.000 10000.000 0.000 0.088
50 150.00 1200.00 117 208 2.000 10000.000 0.000 0.088
51 153.00 1200.00 150 177 2.000 10000.000 0.000 0.088
52 156.00 1200.00 130 179 2.000 10000.000 0.000 0.088
53 159.00 1200.00 110 175 2.000 10000.000 0.000 0.088
54 162.00 1200.00 125 154 2.000 10000.000 0.000 0.088
55 165.00 1200.00 100 138 2.000 10000.000 0.000 0.088
56 168.00 1200.00 109 120 2.000 10000.000 0.000 0.088
57 171.00 1200.00 87 107 2.000 10000.000 0.000 0.088
58 174.00 1200.00 102 113 2.000 10000.000 0.000 0.088
59 177.00 1200.00 112 119 2.000 10000.000 0.000 0.088
60 180.00 1200.00 84 133 2.000 10000.000 0.000 0.088
61 183.00 1200.00 107 147 2.000 10000.000 0.000 0.088
62 186.00 1200.00 104 148 2.000 10000.000 0.000 0.088
63 189.00 1200.00 92 219 2.000 10000.000 0.000 0.088
64 192.00 1200.00 105 210 2.000 10000.000 0.000 0.088
65 195.00 1200.00 103 258 2.000 10000.000 0.000 0.088
66 198.00 1200.00 107 263 2.000 10000.000 0.000 0.088
67 201.00 1200.00 99 230 2.000 10000.000 0.000 0.088
68 204.00 1200.00 106 216 2.000 10000.000 0.000 0.088
69 207.00 1200.00 108 188 2.000 10000.000 0.000 0.088
70 210.00 1200.00 113 211 2.000 10000.000 0.000 0.088
71 213.00 1200.00 89 155 2.000 10000.000 0.000 0.088
72 216.00 1200.00 104 153 2.000 10000.000 0.000 0.088
73 219.00 1200.00 90 130 2.000 10000.000 0.000 0.088
74 222.00 1200.00 96 118 2.000 10000.000 0.000 0.088
75 225.00 1200.00 87 116 2.000 10000.000 0.000 0.088
76 228.00 1200.00 140 99 2.000 10000.000 0.000 0.088
77 231.00 1200.00 129 130 2.000 10000.000 0.000 0.088
78 234.00 1200.00 136 157 2.000 10000.000 0.000 0.088
79 237.00 1200.00 129 147 2.000 10000.000 0.000 0.088
80 240.00 1200.00 145 161 2.000 10000.000 0.000 0.088
81 243.00 1200.00 147 182 2.000 10000.000 0.000 0.088
82 246.00 1200.00 134 205 2.000 10000.000 0.000 0.088
83 249.00 1200.00 141 170 2.000 10000.000 0.000 0.088
84 252.00 1200.00 143 183 2.000 10000.000 0.000 0.088
85 255.00 1200.00 148 196 2.000 10000.000 0.000 0.088
86 258.00 1200.00 118 148 2.000 10000.000 0.000 0.088
87 261.00 1200.00 157 156 2.000 10000.000 0.000 0.088
88 264.00 1200.00 110 130 2.000 10000.000 0.000 0.088
89 267.00 1200.00 108 131 2.000 10000.000 0.000 0.088
90 270.00 1200.00 118 106 2.000 10000.000 0.000 0.088
91 273.00 1200.00 94 83 2.000 10000.000 0.000 0.088
92 276.00 1200.00 85 110 2.000 10000.000 0.000 0.088
93 279.00 1200.00 93 111 2.000 10000.000 0.000 0.088
94 282.00 1200.00 100 156 2.000 10000.000 0.000 0.088
95 285.00 1200.00 98 178 2.000 10000.000 0.000 0.088
96 288.00 1200.00 103 181 2.000 10000.000 0.000 0.088
97 291.00 1200.00 81 214 2.000 10000.000 0.000 0.088
98 294.00 1200.00 103 222 2.000 10000.000 0.000 0.088
99 297.00 1200.00 100 262 2.000 10000.000 0.000 0.088
100 300.00 1200.00 105 239 2.000 10000.000 0.000 0.088
101 303.00 1200.00 80 213 2.000 10000.000 0.000 0.088
