# BinNR microsec tot-time (s)  O-Beam AUX Ampl(V) f(Hz) phase(deg) chi(pos)
0 0.00 1200.01 92 151 2.000 10000.000 0.000 1.505
1 3.00 1200.01 208 287 2.000 10000.000 0.000 1.505
2 6.00 1200.01 198 342 2.000 10000.000 0.000 1.505
3 9.00 1200.01 186 378 2.000 10000.000 0.000 1.505
4 12.00 1200.01 209 370 2.000 10000.000 0.000 1.505
5 15.00 1200.01 205 427 2.000 10000.000 0.000 1.505
6 18.00 1200.01 247 428 2.000 10000.000 0.000 1.505
7 21.00 1200.01 217 457 2.000 10000.000 0.000 1.505
8 24.00 1200.01 249 492 2.000 10000.000 0.000 1.505
9 27.00 1200.01 228 533 2.000 10000.000 0.000 1.505
10 30.00 1200.01 228 538 2.000 10000.000 0.000 1.505
11 33.00 1200.01 223 582 2.000 10000.000 0.000 1.505
12 36.00 1200.01 223 596 2.000 10000.000 0.000 1.505
13 39.00 1200.01 226 600 2.000 10000.000 0.000 1.505
14 42.00 1200.01 233 591 2.000 10000.000 0.000 1.505
15 45.00 1200.01 223 592 2.000 10000.000 0.000 1.505
16 48.00 1200.01 216 566 2.000 10000.000 0.000 1.505
17 51.00 1200.01 228 592 2.000 10000.000 0.000 1.505
18 54.00 1200.01 224 579 2.000 10000.000 0.000 1.505
19 57.00 1200.01 224 546 2.000 10000.000 0.000 1.505
20 60.00 1200.01 234 539 2.000 10000.000 0.000 1.505
21 63.00 1200.01 224 590 2.000 10000.000 0.000 1.505
22 66.00 1200.01 207 542 2.000 10000.000 0.000 1.505
23 69.00 1200.01 214 531 2.000 10000.000 0.000 1.505
24 72.00 1200.01 201 520 2.000 10000.000 0.000 1.505
25 75.00 1200.01 235 469 2.000 10000.000 0.000 1.505
26 78.00 1200.01 175 432 2.000 10000.000 0.000 1.505
27 81.00 1200.01 197 407 2.000 10000.000 0.000 1.505
28 84.00 1200.01 195 381 2.000 10000.000 0.000 1.505
29 87.00 1200.01 183 355 2.000 10000.000 0.000 1.505
30 90.00 1200.01 183 349 2.000 10000.000 0.000 1.505
31 93.00 1200.01 200 264 2.000 10000.000 0.000 1.505
32 96.00 1200.01 196 336 2.000 10000.000 0.000 1.505
33 99.00 1200.01 180 283 2.000 10000.000 0.000 1.505
34 102.00 1200.01 199 277 2.000 10000.000 0.000 1.505
35 105.00 1200.01 190 303 2.000 10000.000 0.000 1.505
36 108.00 1200.01 219 324 2.000 10000.000 0.000 1.505
37 111.00 1200.01 211 346 2.000 10000.000 0.000 1.505
38 114.00 1200.01 192 365 2.000 10000.000 0.000 1.505
39 117.00 1200.01 210 428 2.000 10000.000 0.000 1.505
40 120.00 1200.01 217 444 2.000 10000.000 0.000 1.505
41 123.00 1200.01 210 462 2.000 10000.000 0.000 1.505
42 126.00 1200.01 226 482 2.000 10000.000 0.000 1.505
43 129.00 1200.01 212 520 2.000 10000.000 0.000 1.505
44 132.00 1200.01 251 564 2.000 10000.000 0.000 1.505
45 135.00 1200.01 215 583 2.000 10000.000 0.000 1.505
46 138.00 1200.01 250 664 2.000 10000.000 0.000 1.505
47 141.00 1200.01 243 570 2.000 10000.000 0.000 1.505
48 144.00 1200.01 210 599 2.000 10000.000 0.000 1.505
49 147.00 1200.01 230 598 2.000 10000.000 0.000 1.505
50 150.00 1200.01 217 586 2.000 10000.000 0.000 1.505
51 153.00 1200.01 185 593 2.000 10000.000 0.000 1.505
52 156.00 1200.01 214 547 2.000 10000.000 0.000 1.505
53 159.00 1200.01 212 570 2.000 10000.000 0.000 1.505
54 162.00 1200.01 212 533 2.000 10000.000 0.000 1.505
55 165.00 1200.01 248 564 2.000 10000.000 0.000 1.505
56 168.00 1200.01 253 585 2.000 10000.000 0.000 1.505
57 171.00 1200.01 233 513 2.000 10000.000 0.000 1.505
58 174.00 1200.01 207 487 2.000 10000.000 0.000 1.505
59 177.00 1200.01 209 438 2.000 10000.000 0.000 1.505
60 180.00 1200.01 219 374 2.000 10000.000 0.000 1.505
61 183.00 1200.01 190 387 2.000 10000.000 0.000 1.505
62 186.00 1200.01 177 354 2.000 10000.000 0.000 1.505
63 189.00 1200.01 175 311 2.000 10000.000 0.000 1.505
64 192.00 1200.01 178 284 2.000 10000.000 0.000 1.505
65 195.00 1200.01 182 293 2.000 10000.000 0.000 1.505
66 198.00 1200.01 217 297 2.000 10000.000 0.000 1.505
67 201.00 1200.01 177 295 2.000 10000.000 0.000 1.505
68 204.00 1200.01 169 294 2.000 10000.000 0.000 1.505
69 207.00 1200.01 200 256 2.000 10000.000 0.000 1.505
70 210.00 1200.01 202 379 2.000 10000.000 0.000 1.505
71 213.00 1200.01 188 335 2.000 10000.000 0.000 1.505
72 216.00 1200.01 216 374 2.000 10000.000 0.000 1.505
73 219.00 1200.01 218 425 2.000 10000.000 0.000 1.505
74 222.00 1200.01 220 450 2.000 10000.000 0.000 1.505
75 225.00 1200.01 247 481 2.000 10000.000 0.000 1.505
76 228.00 1200.01 207 508 2.000 10000.000 0.000 1.505
77 231.00 1200.01 202 506 2.000 10000.000 0.000 1.505
78 234.00 1200.01 229 606 2.000 10000.000 0.000 1.505
79 237.00 1200.01 245 545 2.000 10000.000 0.000 1.505
80 240.00 1200.01 255 598 2.000 10000.000 0.000 1.505
81 243.00 1200.01 210 591 2.000 10000.000 0.000 1.505
82 246.00 1200.01 228 606 2.000 10000.000 0.000 1.505
83 249.00 1200.01 211 632 2.000 10000.000 0.000 1.505
84 252.00 1200.01 212 594 2.000 10000.000 0.000 1.505
85 255.00 1200.01 227 592 2.000 10000.000 0.000 1.505
86 258.00 1200.01 242 568 2.000 10000.000 0.000 1.505
87 261.00 1200.01 260 561 2.000 10000.000 0.000 1.505
88 264.00 1200.01 251 621 2.000 10000.000 0.000 1.505
89 267.00 1200.01 220 525 2.000 10000.000 0.000 1.505
90 270.00 1200.01 233 518 2.000 10000.000 0.000 1.505
91 273.00 1200.01 202 475 2.000 10000.000 0.000 1.505
92 276.00 1200.01 177 458 2.000 10000.000 0.000 1.505
93 279.00 1200.01 175 430 2.000 10000.000 0.000 1.505
94 282.00 1200.01 201 347 2.000 10000.000 0.000 1.505
95 285.00 1200.01 185 341 2.000 10000.000 0.000 1.505
96 288.00 1200.01 203 316 2.000 10000.000 0.000 1.505
97 291.00 1200.01 172 318 2.000 10000.000 0.000 1.505
98 294.00 1200.01 200 300 2.000 10000.000 0.000 1.505
99 297.00 1200.01 179 308 2.000 10000.000 0.000 1.505
100 300.00 1200.01 208 299 2.000 10000.000 0.000 1.505
101 303.00 1200.01 159 228 2.000 10000.000 0.000 1.505
