# BinNR microsec tot-time (s)  O-Beam AUX Ampl(V) f(Hz) phase(deg) chi(pos)
0 0.00 1200.00 62 91 2.000 10000.000 0.000 -0.308
1 3.00 1200.00 163 184 2.000 10000.000 0.000 -0.308
2 6.00 1200.00 182 176 2.000 10000.000 0.000 -0.308
3 9.00 1200.00 170 197 2.000 10000.000 0.000 -0.308
4 12.00 1200.00 176 198 2.000 10000.000 0.000 -0.308
5 15.00 1200.00 190 250 2.000 10000.000 0.000 -0.308
6 18.00 1200.00 185 278 2.000 10000.000 0.000 -0.308
7 21.00 1200.00 189 280 2.000 10000.000 0.000 -0.308
8 24.00 1200.00 198 324 2.000 10000.000 0.000 -0.308
9 27.00 1200.00 216 416 2.000 10000.000 0.000 -0.308
10 30.00 1200.00 191 430 2.000 10000.000 0.000 -0.308
11 33.00 1200.00 203 442 2.000 10000.000 0.000 -0.308
12 36.00 1200.00 230 451 2.000 10000.000 0.000 -0.308
13 39.00 1200.00 234 429 2.000 10000.000 0.000 -0.308
14 42.00 1200.00 227 472 2.000 10000.000 0.000 -0.308
15 45.00 1200.00 207 419 2.000 10000.000 0.000 -0.308
16 48.00 1200.00 237 464 2.000 10000.000 0.000 -0.308
17 51.00 1200.00 223 462 2.000 10000.000 0.000 -0.308
18 54.00 1200.00 213 451 2.000 10000.000 0.000 -0.308
19 57.00 1200.00 197 393 2.000 10000.000 0.000 -0.308
20 60.00 1200.00 218 438 2.000 10000.000 0.000 -0.308
21 63.00 1200.00 167 443 2.000 10000.000 0.000 -0.308
22 66.00 1200.00 186 407 2.000 10000.000 0.000 -0.308
23 69.00 1200.00 205 339 2.000 10000.000 0.000 -0.308
24 72.00 1200.00 168 362 2.000 10000.000 0.000 -0.308
25 75.00 1200.00 163 297 2.000 10000.000 0.000 -0.308
26 78.00 1200.00 153 261 2.000 10000.000 0.000 -0.308
27 81.00 1200.00 158 194 2.000 10000.000 0.000 -0.308
28 84.00 1200.00 152 199 2.000 10000.000 0.000 -0.308
29 87.00 1200.00 140 176 2.000 10000.000 0.000 -0.308
30 90.00 1200.00 142 202 2.000 10000.000 0.000 -0.308
31 93.00 1200.00 128 190 2.000 10000.000 0.000 -0.308
32 96.00 1200.00 140 175 2.000 10000.000 0.000 -0.308
33 99.00 1200.00 132 187 2.000 10000.000 0.000 -0.308
34 102.00 1200.00 164 164 2.000 10000.000 0.000 -0.308
35 105.00 1200.00 154 183 2.000 10000.000 0.000 -0.308
36 108.00 1200.00 141 190 2.000 10000.000 0.000 -0.308
37 111.00 1200.00 166 214 2.000 10000.000 0.000 -0.308
38 114.00 1200.00 189 221 2.000 10000.000 0.000 -0.308
39 117.00 1200.00 198 231 2.000 10000.000 0.000 -0.308
40 120.00 1200.00 218 255 2.000 10000.000 0.000 -0.308
41 123.00 1200.00 215 272 2.000 10000.000 0.000 -0.308
42 126.00 1200.00 225 312 2.000 10000.000 0.000 -0.308
43 129.00 1200.00 197 344 2.000 10000.000 0.000 -0.308
44 132.00 1200.00 195 388 2.000 10000.000 0.000 -0.308
45 135.00 1200.00 207 386 2.000 10000.000 0.000 -0.308
46 138.00 1200.00 194 480 2.000 10000.000 0.000 -0.308
47 141.00 1200.00 224 463 2.000 10000.000 0.000 -0.308
48 144.00 1200.00 205 505 2.000 10000.000 0.000 -0.308
49 147.00 1200.00 215 464 2.000 10000.000 0.000 -0.308
50 150.00 1200.00 215 481 2.000 10000.000 0.000 -0.308
51 153.00 1200.00 210 444 2.000 10000.000 0.000 -0.308
52 156.00 1200.00 213 463 2.000 10000.000 0.000 -0.308
53 159.00 1200.00 221 434 2.000 10000.000 0.000 -0.308
54 162.00 1200.00 191 415 2.000 10000.000 0.000 -0.308
55 165.00 1200.00 200 371 2.000 10000.000 0.000 -0.308
56 168.00 1200.00 213 355 2.000 10000.000 0.000 -0.308
57 171.00 1200.00 187 290 2.000 10000.000 0.000 -0.308
58 174.00 1200.00 196 309 2.000 10000.000 0.000 -0.308
59 177.00 1200.00 172 230 2.000 10000.000 0.000 -0.308
60 180.00 1200.00 161 221 2.000 10000.000 0.000 -0.308
61 183.00 1200.00 150 189 2.000 10000.000 0.000 -0.308
62 186.00 1200.00 155 198 2.000 10000.000 0.000 -0.308
63 189.00 1200.00 147 175 2.000 10000.000 0.000 -0.308
64 192.00 1200.00 148 155 2.000 10000.000 0.000 -0.308
65 195.00 1200.00 123 178 2.000 10000.000 0.000 -0.308
66 198.00 1200.00 146 206 2.000 10000.000 0.000 -0.308
67 201.00 1200.00 145 184 2.000 10000.000 0.000 -0.308
68 204.00 1200.00 142 197 2.000 10000.000 0.000 -0.308
69 207.00 1200.00 145 183 2.000 10000.000 0.000 -0.308
70 210.00 1200.00 174 205 2.000 10000.000 0.000 -0.308
71 213.00 1200.00 181 209 2.000 10000.000 0.000 -0.308
72 216.00 1200.00 192 206 2.000 10000.000 0.000 -0.308
73 219.00 1200.00 169 227 2.000 10000.000 0.000 -0.308
74 222.00 1200.00 181 252 2.000 10000.000 0.000 -0.308
75 225.00 1200.00 184 318 2.000 10000.000 0.000 -0.308
76 228.00 1200.00 201 338 2.000 10000.000 0.000 -0.308
77 231.00 1200.00 214 366 2.000 10000.000 0.000 -0.308
78 234.00 1200.00 213 460 2.000 10000.000 0.000 -0.308
79 237.00 1200.00 213 426 2.000 10000.000 0.000 -0.308
80 240.00 1200.00 216 458 2.000 10000.000 0.000 -0.308
81 243.00 1200.00 224 472 2.000 10000.000 0.000 -0.308
82 246.00 1200.00 223 523 2.000 10000.000 0.000 -0.308
83 249.00 1200.00 218 517 2.000 10000.000 0.000 -0.308
84 252.00 1200.00 212 445 2.000 10000.000 0.000 -0.308
85 255.00 1200.00 220 458 2.000 10000.000 0.000 -0.308
86 258.00 1200.00 209 442 2.000 10000.000 0.000 -0.308
87 261.00 1200.00 214 493 2.000 10000.000 0.000 -0.308
88 264.00 1200.00 183 420 2.000 10000.000 0.000 -0.308
89 267.00 1200.00 208 395 2.000 10000.000 0.000 -0.308
90 270.00 1200.00 204 336 2.000 10000.000 0.000 -0.308
91 273.00 1200.00 164 307 2.000 10000.000 0.000 -0.308
92 276.00 1200.00 160 299 2.000 10000.000 0.000 -0.308
93 279.00 1200.00 158 236 2.000 10000.000 0.000 -0.308
94 282.00 1200.00 143 198 2.000 10000.000 0.000 -0.308
95 285.00 1200.00 148 215 2.000 10000.000 0.000 -0.308
96 288.00 1200.00 136 186 2.000 10000.000 0.000 -0.308
97 291.00 1200.00 153 165 2.000 10000.000 0.000 -0.308
98 294.00 1200.00 146 187 2.000 10000.000 0.000 -0.308
99 297.00 1200.00 129 170 2.000 10000.000 0.000 -0.308
100 300.00 1200.00 150 152 2.000 10000.000 0.000 -0.308
101 303.00 1200.00 114 138 2.000 10000.000 0.000 -0.308
