# BinNR microsec tot-time (s)  O-Beam H-beam AUX Ampl(V) f(Hz) phase(deg) chi(pos)
0 0.00 1200.00 323 1327 690 4.127 3000.000 0.000 -1.165
1 50.00 1200.00 276 1285 769 4.127 3000.000 0.000 -1.165
2 100.00 1200.00 283 1404 898 4.127 3000.000 0.000 -1.165
3 150.00 1200.00 355 1639 869 4.127 3000.000 0.000 -1.165
4 200.00 1200.00 373 1842 940 4.127 3000.000 0.000 -1.165
5 250.00 1200.00 357 1704 865 4.127 3000.000 0.000 -1.165
6 300.00 1200.00 330 1426 695 4.127 3000.000 0.000 -1.165
7 350.00 1200.00 258 1308 637 4.127 3000.000 0.000 -1.165
8 400.00 1200.00 272 1302 808 4.127 3000.000 0.000 -1.165
9 450.00 1200.00 312 1411 910 4.127 3000.000 0.000 -1.165
10 500.00 1200.00 351 1630 952 4.127 3000.000 0.000 -1.165
11 550.00 1200.00 370 1764 961 4.127 3000.000 0.000 -1.165
12 600.00 1200.00 346 1683 805 4.127 3000.000 0.000 -1.165
13 650.00 1200.00 297 1417 665 4.127 3000.000 0.000 -1.165
14 700.00 1200.00 265 1370 669 4.127 3000.000 0.000 -1.165
15 750.00 1200.00 294 1388 810 4.127 3000.000 0.000 -1.165
16 800.00 1200.00 385 1534 1005 4.127 3000.000 0.000 -1.165
17 850.00 1200.00 365 1750 989 4.127 3000.000 0.000 -1.165
18 900.00 1200.00 331 1782 938 4.127 3000.000 0.000 -1.165
19 950.00 1200.00 353 1654 706 4.127 3000.000 0.000 -1.165
