# BinNR microsec tot-time (s)  O-Beam H-beam AUX Ampl(V) f(Hz) phase(deg) chi(pos)
0 0.00 1200.00 326 1387 944 4.127 3000.000 0.000 -0.835
1 50.00 1200.00 388 1471 996 4.127 3000.000 0.000 -0.835
2 100.00 1200.00 418 1430 964 4.127 3000.000 0.000 -0.835
3 150.00 1200.00 383 1281 928 4.127 3000.000 0.000 -0.835
4 200.00 1200.00 345 1365 921 4.127 3000.000 0.000 -0.835
5 250.00 1200.00 332 1374 1036 4.127 3000.000 0.000 -0.835
6 300.00 1200.00 385 1282 995 4.127 3000.000 0.000 -0.835
7 350.00 1200.00 329 1445 900 4.127 3000.000 0.000 -0.835
8 400.00 1200.00 372 1467 1007 4.127 3000.000 0.000 -0.835
9 450.00 1200.00 408 1293 958 4.127 3000.000 0.000 -0.835
10 500.00 1200.00 366 1332 891 4.127 3000.000 0.000 -0.835
11 550.00 1200.00 340 1375 949 4.127 3000.000 0.000 -0.835
12 600.00 1200.00 353 1269 998 4.127 3000.000 0.000 -0.835
13 650.00 1200.00 348 1319 905 4.127 3000.000 0.000 -0.835
14 700.00 1200.00 374 1448 962 4.127 3000.000 0.000 -0.835
15 750.00 1200.00 370 1398 995 4.127 3000.000 0.000 -0.835
16 800.00 1200.00 356 1327 953 4.127 3000.000 0.000 -0.835
17 850.00 1200.00 361 1340 854 4.127 3000.000 0.000 -0.835
18 900.00 1200.00 346 1245 1024 4.127 3000.000 0.000 -0.835
19 950.00 1200.00 366 1373 903 4.127 3000.000 0.000 -0.835
