# BinNR microsec tot-time (s)  O-Beam H-beam AUX Ampl(V) f(Hz) phase(deg) chi(pos)
0 0.00 1200.00 348 1540 1003 4.127 3000.000 0.000 -0.681
1 50.00 1200.00 368 1655 978 4.127 3000.000 0.000 -0.681
2 100.00 1200.00 326 1541 870 4.127 3000.000 0.000 -0.681
3 150.00 1200.00 326 1316 770 4.127 3000.000 0.000 -0.681
4 200.00 1200.00 283 1244 796 4.127 3000.000 0.000 -0.681
5 250.00 1200.00 313 1277 941 4.127 3000.000 0.000 -0.681
6 300.00 1200.00 328 1375 980 4.127 3000.000 0.000 -0.681
7 350.00 1200.00 399 1659 1032 4.127 3000.000 0.000 -0.681
8 400.00 1200.00 371 1667 948 4.127 3000.000 0.000 -0.681
9 450.00 1200.00 364 1480 827 4.127 3000.000 0.000 -0.681
10 500.00 1200.00 321 1372 780 4.127 3000.000 0.000 -0.681
11 550.00 1200.00 283 1325 811 4.127 3000.000 0.000 -0.681
12 600.00 1200.00 303 1313 979 4.127 3000.000 0.000 -0.681
13 650.00 1200.00 342 1469 1035 4.127 3000.000 0.000 -0.681
14 700.00 1200.00 378 1603 976 4.127 3000.000 0.000 -0.681
15 750.00 1200.00 361 1642 927 4.127 3000.000 0.000 -0.681
16 800.00 1200.00 352 1407 752 4.127 3000.000 0.000 -0.681
17 850.00 1200.00 288 1315 769 4.127 3000.000 0.000 -0.681
18 900.00 1200.00 268 1387 930 4.127 3000.000 0.000 -0.681
19 950.00 1200.00 328 1322 974 4.127 3000.000 0.000 -0.681
