# BinNR microsec tot-time (s)  O-Beam H-beam AUX Ampl(V) f(Hz) phase(deg) chi(pos)
0 0.00 900.00 356 547 3 0.000 5.373 2000.000 0.077
1 25.00 900.00 358 543 2 0.000 5.373 2000.000 0.077
2 50.00 900.00 398 720 3 0.000 5.373 2000.000 0.077
3 75.00 900.00 369 764 1 0.000 5.373 2000.000 0.077
4 100.00 900.00 366 636 0 0.000 5.373 2000.000 0.077
5 125.00 900.00 248 570 1 0.000 5.373 2000.000 0.077
6 150.00 900.00 168 502 2 0.000 5.373 2000.000 0.077
7 175.00 900.00 122 470 1 0.000 5.373 2000.000 0.077
8 200.00 900.00 144 503 3 0.000 5.373 2000.000 0.077
9 225.00 900.00 176 494 2 0.000 5.373 2000.000 0.077
10 250.00 900.00 254 565 4 0.000 5.373 2000.000 0.077
11 275.00 900.00 298 684 0 0.000 5.373 2000.000 0.077
12 300.00 900.00 344 715 1 0.000 5.373 2000.000 0.077
13 325.00 900.00 310 684 0 0.000 5.373 2000.000 0.077
14 350.00 900.00 250 594 4 0.000 5.373 2000.000 0.077
15 375.00 900.00 196 506 0 0.000 5.373 2000.000 0.077
16 400.00 900.00 122 432 2 0.000 5.373 2000.000 0.077
17 425.00 900.00 101 412 2 0.000 5.373 2000.000 0.077
18 450.00 900.00 180 448 1 0.000 5.373 2000.000 0.077
19 475.00 900.00 224 419 3 0.000 5.373 2000.000 0.077
20 500.00 900.00 333 497 4 0.000 5.373 2000.000 0.077
21 525.00 900.00 353 623 3 0.000 5.373 2000.000 0.077
22 550.00 900.00 386 692 1 0.000 5.373 2000.000 0.077
23 575.00 900.00 381 757 1 0.000 5.373 2000.000 0.077
24 600.00 900.00 347 669 4 0.000 5.373 2000.000 0.077
25 625.00 900.00 244 585 1 0.000 5.373 2000.000 0.077
26 650.00 900.00 166 501 2 0.000 5.373 2000.000 0.077
27 675.00 900.00 92 486 1 0.000 5.373 2000.000 0.077
28 700.00 900.00 116 470 2 0.000 5.373 2000.000 0.077
29 725.00 900.00 192 514 4 0.000 5.373 2000.000 0.077
30 750.00 900.00 270 612 1 0.000 5.373 2000.000 0.077
31 775.00 900.00 300 683 2 0.000 5.373 2000.000 0.077
32 800.00 900.00 346 734 2 0.000 5.373 2000.000 0.077
33 825.00 900.00 308 712 1 0.000 5.373 2000.000 0.077
34 850.00 900.00 260 566 2 0.000 5.373 2000.000 0.077
35 875.00 900.00 185 456 2 0.000 5.373 2000.000 0.077
36 900.00 900.00 115 407 2 0.000 5.373 2000.000 0.077
37 925.00 900.00 95 427 1 0.000 5.373 2000.000 0.077
38 950.00 900.00 158 466 4 0.000 5.373 2000.000 0.077
39 975.00 900.00 259 426 2 0.000 5.373 2000.000 0.077
