# ps_pos exposure_time(s) O-Beam H-Beam Monitor AUX-Beam time(s) O+H+AUX encod1 encod2
1 -0.922852 15.0 1991 1191 36250 4418 3843294119 3182 0.000000 0.000000
2 -0.856934 15.0 1595 1187 36033 5190 3843294139 2782 0.000000 0.000000
3 -0.802002 15.0 1199 1201 35723 5587 3843294160 2400 0.000000 0.000000
4 -0.747070 15.0 999 1196 36442 6240 3843294180 2195 0.000000 0.000000
5 -0.681152 15.0 811 1184 35992 6439 3843294200 1995 0.000000 0.000000
6 -0.626221 15.0 842 1216 36280 6283 3843294220 2058 0.000000 0.000000
7 -0.560303 15.0 1017 1227 35950 6123 3843294240 2244 0.000000 0.000000
8 -0.494385 15.0 1467 1131 35798 5553 3843294261 2598 0.000000 0.000000
9 -0.428467 15.0 1842 1217 36125 4872 3843294281 3059 0.000000 0.000000
10 -0.362549 15.0 2361 1137 35909 4112 3843294301 3498 0.000000 0.000000
11 -0.296631 15.0 2750 1156 36178 3356 3843294321 3906 0.000000 0.000000
12 -0.241699 15.0 3164 1109 36062 2964 3843294341 4273 0.000000 0.000000
13 -0.186768 15.0 3343 1147 36210 2602 3843294362 4490 0.000000 0.000000
14 -0.109863 15.0 3321 1102 36117 2595 3843294382 4423 0.000000 0.000000
15 -0.043945 15.0 3028 1155 36111 3021 3843294402 4183 0.000000 0.000000
16 0.010986 15.0 2604 1204 35994 3366 3843294422 3808 0.000000 0.000000
17 0.076904 15.0 2263 1169 36410 4101 3843294442 3432 0.000000 0.000000
18 0.142822 15.0 1827 1236 36193 4862 3843294463 3063 0.000000 0.000000
19 0.197754 15.0 1370 1200 36166 5510 3843294483 2570 0.000000 0.000000
20 0.274658 15.0 1057 1185 36382 6037 3843294503 2242 0.000000 0.000000
21 0.340576 15.0 828 1178 36341 6448 3843294523 2006 0.000000 0.000000
22 0.406494 15.0 775 1204 35928 6258 3843294543 1979 0.000000 0.000000
23 0.450439 15.0 1016 1197 36205 6287 3843294564 2213 0.000000 0.000000
24 0.516357 15.0 1226 1209 36046 5878 3843294584 2435 0.000000 0.000000
25 0.604248 15.0 1739 1192 36189 4953 3843294604 2931 0.000000 0.000000
26 0.670166 15.0 2140 1188 36274 4185 3843294624 3328 0.000000 0.000000
27 0.725098 15.0 2727 1149 36076 3483 3843294644 3876 0.000000 0.000000
28 0.802002 15.0 3126 1067 36431 2754 3843294665 4193 0.000000 0.000000
29 0.856934 15.0 3270 1045 36235 2571 3843294685 4315 0.000000 0.000000
30 0.922852 15.0 3222 1105 35843 2633 3843294705 4327 0.000000 0.000000
