# BinNR microsec tot-time (s)  O-Beam H-beam AUX Ampl(V) f(Hz) phase(deg) chi(pos)
0 0.00 1200.00 413 1684 282 3.455 2000.000 0.000 -1.088
1 50.00 1200.00 207 2479 734 3.455 2000.000 0.000 -1.088
2 100.00 1200.00 127 2938 1196 3.455 2000.000 0.000 -1.088
3 150.00 1200.00 120 3085 1302 3.455 2000.000 0.000 -1.088
4 200.00 1200.00 126 2982 1321 3.455 2000.000 0.000 -1.088
5 250.00 1200.00 231 2606 1260 3.455 2000.000 0.000 -1.088
6 300.00 1200.00 397 1827 872 3.455 2000.000 0.000 -1.088
7 350.00 1200.00 500 1416 396 3.455 2000.000 0.000 -1.088
8 400.00 1200.00 501 1369 215 3.455 2000.000 0.000 -1.088
9 450.00 1200.00 472 1388 202 3.455 2000.000 0.000 -1.088
10 500.00 1200.00 400 1726 298 3.455 2000.000 0.000 -1.088
11 550.00 1200.00 208 2457 617 3.455 2000.000 0.000 -1.088
12 600.00 1200.00 120 3019 1139 3.455 2000.000 0.000 -1.088
13 650.00 1200.00 88 3093 1331 3.455 2000.000 0.000 -1.088
14 700.00 1200.00 125 2959 1266 3.455 2000.000 0.000 -1.088
15 750.00 1200.00 224 2653 1247 3.455 2000.000 0.000 -1.088
16 800.00 1200.00 382 1837 863 3.455 2000.000 0.000 -1.088
17 850.00 1200.00 461 1366 365 3.455 2000.000 0.000 -1.088
18 900.00 1200.00 473 1287 180 3.455 2000.000 0.000 -1.088
19 950.00 1200.00 498 1396 203 3.455 2000.000 0.000 -1.088
