# BinNR microsec tot-time (s)  O-Beam H-beam AUX Ampl1(V) f1(Hz) phase1(deg) Ampl1(V) f1(Hz) phase1(deg) chi(pos)
0 0.00 1200.00 160 505 429 2.010 2000.000 0.000 2.010 3000.000 0.000 1.505
1 16.67 1200.00 154 480 413 2.010 2000.000 0.000 2.010 3000.000 0.000 1.505
2 33.33 1200.00 169 465 442 2.010 2000.000 0.000 2.010 3000.000 0.000 1.505
3 50.00 1200.00 172 564 412 2.010 2000.000 0.000 2.010 3000.000 0.000 1.505
4 66.67 1200.00 144 558 475 2.010 2000.000 0.000 2.010 3000.000 0.000 1.505
5 83.33 1200.00 174 488 448 2.010 2000.000 0.000 2.010 3000.000 0.000 1.505
6 100.00 1200.00 156 548 416 2.010 2000.000 0.000 2.010 3000.000 0.000 1.505
7 116.67 1200.00 166 558 437 2.010 2000.000 0.000 2.010 3000.000 0.000 1.505
8 133.33 1200.00 131 551 450 2.010 2000.000 0.000 2.010 3000.000 0.000 1.505
9 150.00 1200.00 186 499 400 2.010 2000.000 0.000 2.010 3000.000 0.000 1.505
10 166.67 1200.00 165 499 448 2.010 2000.000 0.000 2.010 3000.000 0.000 1.505
11 183.33 1200.00 142 482 434 2.010 2000.000 0.000 2.010 3000.000 0.000 1.505
12 200.00 1200.00 160 466 414 2.010 2000.000 0.000 2.010 3000.000 0.000 1.505
13 216.67 1200.00 166 454 451 2.010 2000.000 0.000 2.010 3000.000 0.000 1.505
14 233.33 1200.00 154 485 464 2.010 2000.000 0.000 2.010 3000.000 0.000 1.505
15 250.00 1200.00 145 460 448 2.010 2000.000 0.000 2.010 3000.000 0.000 1.505
16 266.67 1200.00 154 501 406 2.010 2000.000 0.000 2.010 3000.000 0.000 1.505
17 283.33 1200.00 168 458 392 2.010 2000.000 0.000 2.010 3000.000 0.000 1.505
18 300.00 1200.00 157 467 424 2.010 2000.000 0.000 2.010 3000.000 0.000 1.505
19 316.67 1200.00 151 512 434 2.010 2000.000 0.000 2.010 3000.000 0.000 1.505
20 333.33 1200.00 161 499 419 2.010 2000.000 0.000 2.010 3000.000 0.000 1.505
21 350.00 1200.00 153 491 431 2.010 2000.000 0.000 2.010 3000.000 0.000 1.505
22 366.67 1200.00 159 470 389 2.010 2000.000 0.000 2.010 3000.000 0.000 1.505
23 383.33 1200.00 172 483 436 2.010 2000.000 0.000 2.010 3000.000 0.000 1.505
24 400.00 1200.00 154 462 446 2.010 2000.000 0.000 2.010 3000.000 0.000 1.505
25 416.67 1200.00 175 476 412 2.010 2000.000 0.000 2.010 3000.000 0.000 1.505
26 433.33 1200.00 158 529 404 2.010 2000.000 0.000 2.010 3000.000 0.000 1.505
27 450.00 1200.00 159 531 408 2.010 2000.000 0.000 2.010 3000.000 0.000 1.505
28 466.67 1200.00 160 487 407 2.010 2000.000 0.000 2.010 3000.000 0.000 1.505
29 483.33 1200.00 132 493 396 2.010 2000.000 0.000 2.010 3000.000 0.000 1.505
30 500.00 1200.00 168 477 405 2.010 2000.000 0.000 2.010 3000.000 0.000 1.505
31 516.67 1200.00 157 469 451 2.010 2000.000 0.000 2.010 3000.000 0.000 1.505
32 533.33 1200.00 154 510 404 2.010 2000.000 0.000 2.010 3000.000 0.000 1.505
33 550.00 1200.00 155 474 419 2.010 2000.000 0.000 2.010 3000.000 0.000 1.505
34 566.67 1200.00 161 446 428 2.010 2000.000 0.000 2.010 3000.000 0.000 1.505
35 583.33 1200.00 136 445 460 2.010 2000.000 0.000 2.010 3000.000 0.000 1.505
36 600.00 1200.00 140 484 432 2.010 2000.000 0.000 2.010 3000.000 0.000 1.505
37 616.67 1200.00 146 513 423 2.010 2000.000 0.000 2.010 3000.000 0.000 1.505
38 633.33 1200.00 141 476 420 2.010 2000.000 0.000 2.010 3000.000 0.000 1.505
39 650.00 1200.00 139 539 442 2.010 2000.000 0.000 2.010 3000.000 0.000 1.505
40 666.67 1200.00 152 497 434 2.010 2000.000 0.000 2.010 3000.000 0.000 1.505
41 683.33 1200.00 162 507 420 2.010 2000.000 0.000 2.010 3000.000 0.000 1.505
42 700.00 1200.00 166 523 438 2.010 2000.000 0.000 2.010 3000.000 0.000 1.505
43 716.67 1200.00 133 539 427 2.010 2000.000 0.000 2.010 3000.000 0.000 1.505
44 733.33 1200.00 177 513 431 2.010 2000.000 0.000 2.010 3000.000 0.000 1.505
45 750.00 1200.00 157 514 469 2.010 2000.000 0.000 2.010 3000.000 0.000 1.505
46 766.67 1200.00 146 501 423 2.010 2000.000 0.000 2.010 3000.000 0.000 1.505
47 783.33 1200.00 177 471 402 2.010 2000.000 0.000 2.010 3000.000 0.000 1.505
48 800.00 1200.00 171 437 435 2.010 2000.000 0.000 2.010 3000.000 0.000 1.505
49 816.67 1200.00 142 488 405 2.010 2000.000 0.000 2.010 3000.000 0.000 1.505
50 833.34 1200.00 181 484 405 2.010 2000.000 0.000 2.010 3000.000 0.000 1.505
51 850.00 1200.00 170 478 399 2.010 2000.000 0.000 2.010 3000.000 0.000 1.505
52 866.67 1200.00 169 488 440 2.010 2000.000 0.000 2.010 3000.000 0.000 1.505
53 883.34 1200.00 140 473 406 2.010 2000.000 0.000 2.010 3000.000 0.000 1.505
54 900.00 1200.00 182 468 379 2.010 2000.000 0.000 2.010 3000.000 0.000 1.505
55 916.67 1200.00 173 427 445 2.010 2000.000 0.000 2.010 3000.000 0.000 1.505
56 933.34 1200.00 155 449 417 2.010 2000.000 0.000 2.010 3000.000 0.000 1.505
57 950.00 1200.00 177 482 456 2.010 2000.000 0.000 2.010 3000.000 0.000 1.505
58 966.67 1200.00 172 461 423 2.010 2000.000 0.000 2.010 3000.000 0.000 1.505
59 983.34 1200.00 165 429 382 2.010 2000.000 0.000 2.010 3000.000 0.000 1.505
