# BinNR microsec tot-time (s)  O-Beam H-beam AUX Ampl1(V) f1(Hz) phase1(deg) Ampl1(V) f1(Hz) phase1(deg) chi(pos)
0 0.00 1200.00 33 1004 88 2.010 2000.000 0.000 2.010 3000.000 0.000 0.505
1 16.67 1200.00 35 1014 77 2.010 2000.000 0.000 2.010 3000.000 0.000 0.505
2 33.33 1200.00 39 1023 93 2.010 2000.000 0.000 2.010 3000.000 0.000 0.505
3 50.00 1200.00 45 965 81 2.010 2000.000 0.000 2.010 3000.000 0.000 0.505
4 66.67 1200.00 46 957 79 2.010 2000.000 0.000 2.010 3000.000 0.000 0.505
5 83.33 1200.00 50 984 86 2.010 2000.000 0.000 2.010 3000.000 0.000 0.505
6 100.00 1200.00 52 997 88 2.010 2000.000 0.000 2.010 3000.000 0.000 0.505
7 116.67 1200.00 55 994 84 2.010 2000.000 0.000 2.010 3000.000 0.000 0.505
8 133.33 1200.00 48 966 87 2.010 2000.000 0.000 2.010 3000.000 0.000 0.505
9 150.00 1200.00 51 950 93 2.010 2000.000 0.000 2.010 3000.000 0.000 0.505
10 166.67 1200.00 58 965 91 2.010 2000.000 0.000 2.010 3000.000 0.000 0.505
11 183.33 1200.00 67 952 103 2.010 2000.000 0.000 2.010 3000.000 0.000 0.505
12 200.00 1200.00 70 1003 90 2.010 2000.000 0.000 2.010 3000.000 0.000 0.505
13 216.67 1200.00 72 1035 97 2.010 2000.000 0.000 2.010 3000.000 0.000 0.505
14 233.33 1200.00 61 969 88 2.010 2000.000 0.000 2.010 3000.000 0.000 0.505
15 250.00 1200.00 66 1024 87 2.010 2000.000 0.000 2.010 3000.000 0.000 0.505
16 266.67 1200.00 55 1060 85 2.010 2000.000 0.000 2.010 3000.000 0.000 0.505
17 283.33 1200.00 55 1009 86 2.010 2000.000 0.000 2.010 3000.000 0.000 0.505
18 300.00 1200.00 62 1066 91 2.010 2000.000 0.000 2.010 3000.000 0.000 0.505
19 316.67 1200.00 43 1020 70 2.010 2000.000 0.000 2.010 3000.000 0.000 0.505
20 333.33 1200.00 37 1002 75 2.010 2000.000 0.000 2.010 3000.000 0.000 0.505
21 350.00 1200.00 46 1024 103 2.010 2000.000 0.000 2.010 3000.000 0.000 0.505
22 366.67 1200.00 41 1020 84 2.010 2000.000 0.000 2.010 3000.000 0.000 0.505
23 383.33 1200.00 46 997 90 2.010 2000.000 0.000 2.010 3000.000 0.000 0.505
24 400.00 1200.00 29 1041 96 2.010 2000.000 0.000 2.010 3000.000 0.000 0.505
25 416.67 1200.00 36 1032 105 2.010 2000.000 0.000 2.010 3000.000 0.000 0.505
26 433.33 1200.00 41 1005 124 2.010 2000.000 0.000 2.010 3000.000 0.000 0.505
27 450.00 1200.00 31 976 130 2.010 2000.000 0.000 2.010 3000.000 0.000 0.505
28 466.67 1200.00 43 1008 114 2.010 2000.000 0.000 2.010 3000.000 0.000 0.505
29 483.33 1200.00 52 1064 108 2.010 2000.000 0.000 2.010 3000.000 0.000 0.505
30 500.00 1200.00 50 1002 117 2.010 2000.000 0.000 2.010 3000.000 0.000 0.505
31 516.67 1200.00 57 1019 107 2.010 2000.000 0.000 2.010 3000.000 0.000 0.505
32 533.33 1200.00 54 1013 115 2.010 2000.000 0.000 2.010 3000.000 0.000 0.505
33 550.00 1200.00 52 1062 129 2.010 2000.000 0.000 2.010 3000.000 0.000 0.505
34 566.67 1200.00 48 984 108 2.010 2000.000 0.000 2.010 3000.000 0.000 0.505
35 583.33 1200.00 65 1086 87 2.010 2000.000 0.000 2.010 3000.000 0.000 0.505
36 600.00 1200.00 66 1060 82 2.010 2000.000 0.000 2.010 3000.000 0.000 0.505
37 616.67 1200.00 66 980 82 2.010 2000.000 0.000 2.010 3000.000 0.000 0.505
38 633.33 1200.00 54 958 75 2.010 2000.000 0.000 2.010 3000.000 0.000 0.505
39 650.00 1200.00 53 959 81 2.010 2000.000 0.000 2.010 3000.000 0.000 0.505
40 666.67 1200.00 29 907 59 2.010 2000.000 0.000 2.010 3000.000 0.000 0.505
41 683.33 1200.00 63 966 77 2.010 2000.000 0.000 2.010 3000.000 0.000 0.505
42 700.00 1200.00 43 966 76 2.010 2000.000 0.000 2.010 3000.000 0.000 0.505
43 716.67 1200.00 49 973 74 2.010 2000.000 0.000 2.010 3000.000 0.000 0.505
44 733.33 1200.00 52 932 81 2.010 2000.000 0.000 2.010 3000.000 0.000 0.505
45 750.00 1200.00 40 954 87 2.010 2000.000 0.000 2.010 3000.000 0.000 0.505
46 766.67 1200.00 41 932 80 2.010 2000.000 0.000 2.010 3000.000 0.000 0.505
47 783.33 1200.00 40 976 84 2.010 2000.000 0.000 2.010 3000.000 0.000 0.505
48 800.00 1200.00 34 1017 98 2.010 2000.000 0.000 2.010 3000.000 0.000 0.505
49 816.67 1200.00 39 986 106 2.010 2000.000 0.000 2.010 3000.000 0.000 0.505
50 833.34 1200.00 41 1030 128 2.010 2000.000 0.000 2.010 3000.000 0.000 0.505
51 850.00 1200.00 50 940 116 2.010 2000.000 0.000 2.010 3000.000 0.000 0.505
52 866.67 1200.00 36 1042 119 2.010 2000.000 0.000 2.010 3000.000 0.000 0.505
53 883.34 1200.00 38 1069 119 2.010 2000.000 0.000 2.010 3000.000 0.000 0.505
54 900.00 1200.00 48 1031 109 2.010 2000.000 0.000 2.010 3000.000 0.000 0.505
55 916.67 1200.00 56 1027 111 2.010 2000.000 0.000 2.010 3000.000 0.000 0.505
56 933.34 1200.00 40 1022 116 2.010 2000.000 0.000 2.010 3000.000 0.000 0.505
57 950.00 1200.00 48 1027 117 2.010 2000.000 0.000 2.010 3000.000 0.000 0.505
58 966.67 1200.00 36 1011 85 2.010 2000.000 0.000 2.010 3000.000 0.000 0.505
59 983.34 1200.00 39 1024 92 2.010 2000.000 0.000 2.010 3000.000 0.000 0.505
