# BinNR microsec tot-time (s)  O-Beam AUX Ampl(V) f(Hz) phase(deg) chi(pos)
0 0.00 1500.00 63 188 1.000 10000.000 0.000 0.319
1 3.00 1500.00 128 359 1.000 10000.000 0.000 0.319
2 6.00 1500.00 136 396 1.000 10000.000 0.000 0.319
3 9.00 1500.00 147 403 1.000 10000.000 0.000 0.319
4 12.00 1500.00 137 382 1.000 10000.000 0.000 0.319
5 15.00 1500.00 133 415 1.000 10000.000 0.000 0.319
6 18.00 1500.00 144 427 1.000 10000.000 0.000 0.319
7 21.00 1500.00 145 395 1.000 10000.000 0.000 0.319
8 24.00 1500.00 146 424 1.000 10000.000 0.000 0.319
9 27.00 1500.00 158 505 1.000 10000.000 0.000 0.319
10 30.00 1500.00 159 516 1.000 10000.000 0.000 0.319
11 33.00 1500.00 170 454 1.000 10000.000 0.000 0.319
12 36.00 1500.00 179 482 1.000 10000.000 0.000 0.319
13 39.00 1500.00 169 514 1.000 10000.000 0.000 0.319
14 42.00 1500.00 166 496 1.000 10000.000 0.000 0.319
15 45.00 1500.00 188 478 1.000 10000.000 0.000 0.319
16 48.00 1500.00 161 461 1.000 10000.000 0.000 0.319
17 51.00 1500.00 158 481 1.000 10000.000 0.000 0.319
18 54.00 1500.00 181 468 1.000 10000.000 0.000 0.319
19 57.00 1500.00 165 506 1.000 10000.000 0.000 0.319
20 60.00 1500.00 167 499 1.000 10000.000 0.000 0.319
21 63.00 1500.00 154 439 1.000 10000.000 0.000 0.319
22 66.00 1500.00 163 465 1.000 10000.000 0.000 0.319
23 69.00 1500.00 152 420 1.000 10000.000 0.000 0.319
24 72.00 1500.00 150 442 1.000 10000.000 0.000 0.319
25 75.00 1500.00 134 409 1.000 10000.000 0.000 0.319
26 78.00 1500.00 141 403 1.000 10000.000 0.000 0.319
27 81.00 1500.00 155 350 1.000 10000.000 0.000 0.319
28 84.00 1500.00 138 394 1.000 10000.000 0.000 0.319
29 87.00 1500.00 132 340 1.000 10000.000 0.000 0.319
30 90.00 1500.00 122 355 1.000 10000.000 0.000 0.319
31 93.00 1500.00 132 345 1.000 10000.000 0.000 0.319
32 96.00 1500.00 133 355 1.000 10000.000 0.000 0.319
33 99.00 1500.00 138 313 1.000 10000.000 0.000 0.319
34 102.00 1500.00 137 354 1.000 10000.000 0.000 0.319
35 105.00 1500.00 132 361 1.000 10000.000 0.000 0.319
36 108.00 1500.00 148 368 1.000 10000.000 0.000 0.319
37 111.00 1500.00 140 350 1.000 10000.000 0.000 0.319
38 114.00 1500.00 140 405 1.000 10000.000 0.000 0.319
39 117.00 1500.00 158 362 1.000 10000.000 0.000 0.319
40 120.00 1500.00 153 402 1.000 10000.000 0.000 0.319
41 123.00 1500.00 180 418 1.000 10000.000 0.000 0.319
42 126.00 1500.00 164 419 1.000 10000.000 0.000 0.319
43 129.00 1500.00 162 463 1.000 10000.000 0.000 0.319
44 132.00 1500.00 143 440 1.000 10000.000 0.000 0.319
45 135.00 1500.00 183 511 1.000 10000.000 0.000 0.319
46 138.00 1500.00 145 494 1.000 10000.000 0.000 0.319
47 141.00 1500.00 192 513 1.000 10000.000 0.000 0.319
48 144.00 1500.00 184 517 1.000 10000.000 0.000 0.319
49 147.00 1500.00 181 484 1.000 10000.000 0.000 0.319
50 150.00 1500.00 183 505 1.000 10000.000 0.000 0.319
51 153.00 1500.00 146 487 1.000 10000.000 0.000 0.319
52 156.00 1500.00 155 481 1.000 10000.000 0.000 0.319
53 159.00 1500.00 149 462 1.000 10000.000 0.000 0.319
54 162.00 1500.00 164 518 1.000 10000.000 0.000 0.319
55 165.00 1500.00 150 441 1.000 10000.000 0.000 0.319
56 168.00 1500.00 163 412 1.000 10000.000 0.000 0.319
57 171.00 1500.00 158 424 1.000 10000.000 0.000 0.319
58 174.00 1500.00 168 400 1.000 10000.000 0.000 0.319
59 177.00 1500.00 129 381 1.000 10000.000 0.000 0.319
60 180.00 1500.00 158 366 1.000 10000.000 0.000 0.319
61 183.00 1500.00 125 364 1.000 10000.000 0.000 0.319
62 186.00 1500.00 162 335 1.000 10000.000 0.000 0.319
63 189.00 1500.00 132 355 1.000 10000.000 0.000 0.319
64 192.00 1500.00 131 350 1.000 10000.000 0.000 0.319
65 195.00 1500.00 147 342 1.000 10000.000 0.000 0.319
66 198.00 1500.00 141 342 1.000 10000.000 0.000 0.319
67 201.00 1500.00 141 340 1.000 10000.000 0.000 0.319
68 204.00 1500.00 125 366 1.000 10000.000 0.000 0.319
69 207.00 1500.00 151 361 1.000 10000.000 0.000 0.319
70 210.00 1500.00 129 366 1.000 10000.000 0.000 0.319
71 213.00 1500.00 142 352 1.000 10000.000 0.000 0.319
72 216.00 1500.00 156 342 1.000 10000.000 0.000 0.319
73 219.00 1500.00 153 388 1.000 10000.000 0.000 0.319
74 222.00 1500.00 153 422 1.000 10000.000 0.000 0.319
75 225.00 1500.00 166 479 1.000 10000.000 0.000 0.319
76 228.00 1500.00 169 443 1.000 10000.000 0.000 0.319
77 231.00 1500.00 147 487 1.000 10000.000 0.000 0.319
78 234.00 1500.00 188 477 1.000 10000.000 0.000 0.319
79 237.00 1500.00 170 484 1.000 10000.000 0.000 0.319
80 240.00 1500.00 197 498 1.000 10000.000 0.000 0.319
81 243.00 1500.00 184 471 1.000 10000.000 0.000 0.319
82 246.00 1500.00 184 522 1.000 10000.000 0.000 0.319
83 249.00 1500.00 179 493 1.000 10000.000 0.000 0.319
84 252.00 1500.00 154 516 1.000 10000.000 0.000 0.319
85 255.00 1500.00 158 485 1.000 10000.000 0.000 0.319
86 258.00 1500.00 157 553 1.000 10000.000 0.000 0.319
87 261.00 1500.00 154 504 1.000 10000.000 0.000 0.319
88 264.00 1500.00 139 466 1.000 10000.000 0.000 0.319
89 267.00 1500.00 139 454 1.000 10000.000 0.000 0.319
90 270.00 1500.00 142 402 1.000 10000.000 0.000 0.319
91 273.00 1500.00 167 428 1.000 10000.000 0.000 0.319
92 276.00 1500.00 150 410 1.000 10000.000 0.000 0.319
93 279.00 1500.00 133 373 1.000 10000.000 0.000 0.319
94 282.00 1500.00 134 370 1.000 10000.000 0.000 0.319
95 285.00 1500.00 123 380 1.000 10000.000 0.000 0.319
96 288.00 1500.00 151 373 1.000 10000.000 0.000 0.319
97 291.00 1500.00 134 357 1.000 10000.000 0.000 0.319
98 294.00 1500.00 134 370 1.000 10000.000 0.000 0.319
99 297.00 1500.00 117 377 1.000 10000.000 0.000 0.319
100 300.00 1500.00 139 347 1.000 10000.000 0.000 0.319
101 303.00 1500.00 131 344 1.000 10000.000 0.000 0.319
102 306.00 1500.00 145 376 1.000 10000.000 0.000 0.319
103 309.00 1500.00 151 383 1.000 10000.000 0.000 0.319
104 312.00 1500.00 153 401 1.000 10000.000 0.000 0.319
105 315.00 1500.00 160 396 1.000 10000.000 0.000 0.319
106 318.00 1500.00 176 374 1.000 10000.000 0.000 0.319
107 321.00 1500.00 144 469 1.000 10000.000 0.000 0.319
108 324.00 1500.00 169 424 1.000 10000.000 0.000 0.319
109 327.00 1500.00 145 438 1.000 10000.000 0.000 0.319
110 330.00 1500.00 184 473 1.000 10000.000 0.000 0.319
111 333.00 1500.00 153 476 1.000 10000.000 0.000 0.319
112 336.00 1500.00 158 485 1.000 10000.000 0.000 0.319
113 339.00 1500.00 177 411 1.000 10000.000 0.000 0.319
114 342.00 1500.00 167 502 1.000 10000.000 0.000 0.319
115 345.00 1500.00 153 515 1.000 10000.000 0.000 0.319
116 348.00 1500.00 167 556 1.000 10000.000 0.000 0.319
117 351.00 1500.00 160 484 1.000 10000.000 0.000 0.319
118 354.00 1500.00 159 534 1.000 10000.000 0.000 0.319
119 357.00 1500.00 154 445 1.000 10000.000 0.000 0.319
120 360.00 1500.00 173 484 1.000 10000.000 0.000 0.319
121 363.00 1500.00 161 454 1.000 10000.000 0.000 0.319
122 366.00 1500.00 178 459 1.000 10000.000 0.000 0.319
123 369.00 1500.00 156 425 1.000 10000.000 0.000 0.319
124 372.00 1500.00 168 388 1.000 10000.000 0.000 0.319
125 375.00 1500.00 154 373 1.000 10000.000 0.000 0.319
126 378.00 1500.00 146 374 1.000 10000.000 0.000 0.319
127 381.00 1500.00 160 357 1.000 10000.000 0.000 0.319
128 384.00 1500.00 138 385 1.000 10000.000 0.000 0.319
129 387.00 1500.00 147 344 1.000 10000.000 0.000 0.319
130 390.00 1500.00 138 371 1.000 10000.000 0.000 0.319
131 393.00 1500.00 134 329 1.000 10000.000 0.000 0.319
132 396.00 1500.00 126 374 1.000 10000.000 0.000 0.319
133 399.00 1500.00 152 328 1.000 10000.000 0.000 0.319
134 402.00 1500.00 133 344 1.000 10000.000 0.000 0.319
