# BinNR microsec tot-time (s)  O-Beam H-beam AUX Ampl(V) f(Hz) phase(deg) chi(pos)
0 0.00 900.00 131 687 1 0.000 5.373 2000.000 -1.516
1 25.00 900.00 151 734 5 0.000 5.373 2000.000 -1.516
2 50.00 900.00 187 641 1 0.000 5.373 2000.000 -1.516
3 75.00 900.00 161 500 1 0.000 5.373 2000.000 -1.516
4 100.00 900.00 109 443 3 0.000 5.373 2000.000 -1.516
5 125.00 900.00 86 398 4 0.000 5.373 2000.000 -1.516
6 150.00 900.00 108 393 1 0.000 5.373 2000.000 -1.516
7 175.00 900.00 220 424 0 0.000 5.373 2000.000 -1.516
8 200.00 900.00 352 413 3 0.000 5.373 2000.000 -1.516
9 225.00 900.00 386 414 4 0.000 5.373 2000.000 -1.516
10 250.00 900.00 428 439 1 0.000 5.373 2000.000 -1.516
11 275.00 900.00 430 427 1 0.000 5.373 2000.000 -1.516
12 300.00 900.00 412 581 3 0.000 5.373 2000.000 -1.516
13 325.00 900.00 408 670 2 0.000 5.373 2000.000 -1.516
14 350.00 900.00 393 746 3 0.000 5.373 2000.000 -1.516
15 375.00 900.00 397 714 1 0.000 5.373 2000.000 -1.516
16 400.00 900.00 339 648 2 0.000 5.373 2000.000 -1.516
17 425.00 900.00 232 603 5 0.000 5.373 2000.000 -1.516
18 450.00 900.00 113 649 4 0.000 5.373 2000.000 -1.516
19 475.00 900.00 112 654 4 0.000 5.373 2000.000 -1.516
20 500.00 900.00 120 716 5 0.000 5.373 2000.000 -1.516
21 525.00 900.00 170 720 0 0.000 5.373 2000.000 -1.516
22 550.00 900.00 171 692 2 0.000 5.373 2000.000 -1.516
23 575.00 900.00 170 521 2 0.000 5.373 2000.000 -1.516
24 600.00 900.00 139 458 2 0.000 5.373 2000.000 -1.516
25 625.00 900.00 89 433 2 0.000 5.373 2000.000 -1.516
26 650.00 900.00 115 378 1 0.000 5.373 2000.000 -1.516
27 675.00 900.00 216 449 3 0.000 5.373 2000.000 -1.516
28 700.00 900.00 309 390 1 0.000 5.373 2000.000 -1.516
29 725.00 900.00 383 375 2 0.000 5.373 2000.000 -1.516
30 750.00 900.00 425 396 1 0.000 5.373 2000.000 -1.516
31 775.00 900.00 373 439 7 0.000 5.373 2000.000 -1.516
32 800.00 900.00 390 501 1 0.000 5.373 2000.000 -1.516
33 825.00 900.00 413 616 1 0.000 5.373 2000.000 -1.516
34 850.00 900.00 402 704 2 0.000 5.373 2000.000 -1.516
35 875.00 900.00 394 737 0 0.000 5.373 2000.000 -1.516
36 900.00 900.00 296 679 1 0.000 5.373 2000.000 -1.516
37 925.00 900.00 194 620 4 0.000 5.373 2000.000 -1.516
38 950.00 900.00 144 662 2 0.000 5.373 2000.000 -1.516
39 975.00 900.00 100 711 2 0.000 5.373 2000.000 -1.516
