# BinNR microsec tot-time (s)  O-Beam H-beam AUX Ampl(V) f(Hz) phase(deg) chi(pos)
0 0.00 1200.00 126 1109 345 1.735 2000.000 0.000 -1.219
1 25.00 1200.00 138 1051 370 1.735 2000.000 0.000 -1.219
2 50.00 1200.00 117 972 459 1.735 2000.000 0.000 -1.219
3 75.00 1200.00 120 826 500 1.735 2000.000 0.000 -1.219
4 100.00 1200.00 140 769 509 1.735 2000.000 0.000 -1.219
5 125.00 1200.00 172 744 612 1.735 2000.000 0.000 -1.219
6 150.00 1200.00 170 705 561 1.735 2000.000 0.000 -1.219
7 175.00 1200.00 218 661 519 1.735 2000.000 0.000 -1.219
8 200.00 1200.00 235 688 551 1.735 2000.000 0.000 -1.219
9 225.00 1200.00 275 711 517 1.735 2000.000 0.000 -1.219
10 250.00 1200.00 283 780 516 1.735 2000.000 0.000 -1.219
11 275.00 1200.00 314 794 454 1.735 2000.000 0.000 -1.219
12 300.00 1200.00 273 812 407 1.735 2000.000 0.000 -1.219
13 325.00 1200.00 275 939 357 1.735 2000.000 0.000 -1.219
14 350.00 1200.00 295 1061 319 1.735 2000.000 0.000 -1.219
15 375.00 1200.00 283 1088 259 1.735 2000.000 0.000 -1.219
16 400.00 1200.00 236 1146 249 1.735 2000.000 0.000 -1.219
17 425.00 1200.00 209 1191 259 1.735 2000.000 0.000 -1.219
18 450.00 1200.00 185 1157 268 1.735 2000.000 0.000 -1.219
19 475.00 1200.00 157 1111 296 1.735 2000.000 0.000 -1.219
20 500.00 1200.00 138 1110 349 1.735 2000.000 0.000 -1.219
21 525.00 1200.00 132 1077 397 1.735 2000.000 0.000 -1.219
22 550.00 1200.00 113 928 453 1.735 2000.000 0.000 -1.219
23 575.00 1200.00 106 836 471 1.735 2000.000 0.000 -1.219
24 600.00 1200.00 132 760 549 1.735 2000.000 0.000 -1.219
25 625.00 1200.00 170 703 551 1.735 2000.000 0.000 -1.219
26 650.00 1200.00 157 680 580 1.735 2000.000 0.000 -1.219
27 675.00 1200.00 203 682 546 1.735 2000.000 0.000 -1.219
28 700.00 1200.00 237 681 514 1.735 2000.000 0.000 -1.219
29 725.00 1200.00 258 667 581 1.735 2000.000 0.000 -1.219
30 750.00 1200.00 284 722 505 1.735 2000.000 0.000 -1.219
31 775.00 1200.00 284 774 440 1.735 2000.000 0.000 -1.219
32 800.00 1200.00 298 829 416 1.735 2000.000 0.000 -1.219
33 825.00 1200.00 296 962 366 1.735 2000.000 0.000 -1.219
34 850.00 1200.00 319 1070 313 1.735 2000.000 0.000 -1.219
35 875.00 1200.00 285 1112 226 1.735 2000.000 0.000 -1.219
36 900.00 1200.00 248 1237 224 1.735 2000.000 0.000 -1.219
37 925.00 1200.00 202 1158 207 1.735 2000.000 0.000 -1.219
38 950.00 1200.00 197 1195 260 1.735 2000.000 0.000 -1.219
39 975.00 1200.00 160 1189 301 1.735 2000.000 0.000 -1.219
