# BinNR microsec tot-time (s)  O-Beam AUX Ampl(V) f(Hz) phase(deg) chi(pos)
0 0.00 1200.01 171 523 2.000 10000.000 0.000 0.099
1 3.00 1200.01 379 1091 2.000 10000.000 0.000 0.099
2 6.00 1200.01 380 977 2.000 10000.000 0.000 0.099
3 9.00 1200.01 337 1015 2.000 10000.000 0.000 0.099
4 12.00 1200.01 371 1019 2.000 10000.000 0.000 0.099
5 15.00 1200.01 344 908 2.000 10000.000 0.000 0.099
6 18.00 1200.01 288 923 2.000 10000.000 0.000 0.099
7 21.00 1200.01 313 853 2.000 10000.000 0.000 0.099
8 24.00 1200.01 313 808 2.000 10000.000 0.000 0.099
9 27.00 1200.01 289 775 2.000 10000.000 0.000 0.099
10 30.00 1200.01 253 641 2.000 10000.000 0.000 0.099
11 33.00 1200.01 265 579 2.000 10000.000 0.000 0.099
12 36.00 1200.01 272 600 2.000 10000.000 0.000 0.099
13 39.00 1200.01 235 556 2.000 10000.000 0.000 0.099
14 42.00 1200.01 233 585 2.000 10000.000 0.000 0.099
15 45.00 1200.01 224 526 2.000 10000.000 0.000 0.099
16 48.00 1200.01 247 563 2.000 10000.000 0.000 0.099
17 51.00 1200.01 271 556 2.000 10000.000 0.000 0.099
18 54.00 1200.01 274 550 2.000 10000.000 0.000 0.099
19 57.00 1200.01 240 593 2.000 10000.000 0.000 0.099
20 60.00 1200.01 301 641 2.000 10000.000 0.000 0.099
21 63.00 1200.01 290 627 2.000 10000.000 0.000 0.099
22 66.00 1200.01 311 723 2.000 10000.000 0.000 0.099
23 69.00 1200.01 338 773 2.000 10000.000 0.000 0.099
24 72.00 1200.01 358 843 2.000 10000.000 0.000 0.099
25 75.00 1200.01 345 831 2.000 10000.000 0.000 0.099
26 78.00 1200.01 337 979 2.000 10000.000 0.000 0.099
27 81.00 1200.01 350 1022 2.000 10000.000 0.000 0.099
28 84.00 1200.01 358 1032 2.000 10000.000 0.000 0.099
29 87.00 1200.01 375 1048 2.000 10000.000 0.000 0.099
30 90.00 1200.01 371 1048 2.000 10000.000 0.000 0.099
31 93.00 1200.01 355 1151 2.000 10000.000 0.000 0.099
32 96.00 1200.01 355 1081 2.000 10000.000 0.000 0.099
33 99.00 1200.01 385 1068 2.000 10000.000 0.000 0.099
34 102.00 1200.01 364 1018 2.000 10000.000 0.000 0.099
35 105.00 1200.01 355 1010 2.000 10000.000 0.000 0.099
36 108.00 1200.01 382 1027 2.000 10000.000 0.000 0.099
37 111.00 1200.01 338 1054 2.000 10000.000 0.000 0.099
38 114.00 1200.01 319 1019 2.000 10000.000 0.000 0.099
39 117.00 1200.01 342 1016 2.000 10000.000 0.000 0.099
40 120.00 1200.01 315 898 2.000 10000.000 0.000 0.099
41 123.00 1200.01 270 900 2.000 10000.000 0.000 0.099
42 126.00 1200.01 274 874 2.000 10000.000 0.000 0.099
43 129.00 1200.01 240 823 2.000 10000.000 0.000 0.099
44 132.00 1200.01 243 712 2.000 10000.000 0.000 0.099
45 135.00 1200.01 254 659 2.000 10000.000 0.000 0.099
46 138.00 1200.01 226 598 2.000 10000.000 0.000 0.099
47 141.00 1200.01 230 569 2.000 10000.000 0.000 0.099
48 144.00 1200.01 257 459 2.000 10000.000 0.000 0.099
49 147.00 1200.01 261 428 2.000 10000.000 0.000 0.099
50 150.00 1200.01 250 544 2.000 10000.000 0.000 0.099
51 153.00 1200.01 269 499 2.000 10000.000 0.000 0.099
52 156.00 1200.01 292 505 2.000 10000.000 0.000 0.099
53 159.00 1200.01 277 540 2.000 10000.000 0.000 0.099
54 162.00 1200.01 261 625 2.000 10000.000 0.000 0.099
55 165.00 1200.01 270 692 2.000 10000.000 0.000 0.099
56 168.00 1200.01 301 727 2.000 10000.000 0.000 0.099
57 171.00 1200.01 322 819 2.000 10000.000 0.000 0.099
58 174.00 1200.01 334 862 2.000 10000.000 0.000 0.099
59 177.00 1200.01 320 904 2.000 10000.000 0.000 0.099
60 180.00 1200.01 346 997 2.000 10000.000 0.000 0.099
61 183.00 1200.01 340 969 2.000 10000.000 0.000 0.099
62 186.00 1200.01 358 1083 2.000 10000.000 0.000 0.099
63 189.00 1200.01 352 1002 2.000 10000.000 0.000 0.099
64 192.00 1200.01 385 1043 2.000 10000.000 0.000 0.099
65 195.00 1200.01 364 1064 2.000 10000.000 0.000 0.099
66 198.00 1200.01 375 1033 2.000 10000.000 0.000 0.099
67 201.00 1200.01 358 1050 2.000 10000.000 0.000 0.099
68 204.00 1200.01 361 1061 2.000 10000.000 0.000 0.099
69 207.00 1200.01 343 1034 2.000 10000.000 0.000 0.099
70 210.00 1200.01 352 1037 2.000 10000.000 0.000 0.099
71 213.00 1200.01 352 990 2.000 10000.000 0.000 0.099
72 216.00 1200.01 339 1011 2.000 10000.000 0.000 0.099
73 219.00 1200.01 293 970 2.000 10000.000 0.000 0.099
74 222.00 1200.01 339 965 2.000 10000.000 0.000 0.099
75 225.00 1200.01 341 868 2.000 10000.000 0.000 0.099
76 228.00 1200.01 286 771 2.000 10000.000 0.000 0.099
77 231.00 1200.01 244 728 2.000 10000.000 0.000 0.099
78 234.00 1200.01 244 689 2.000 10000.000 0.000 0.099
79 237.00 1200.01 226 582 2.000 10000.000 0.000 0.099
80 240.00 1200.01 231 569 2.000 10000.000 0.000 0.099
81 243.00 1200.01 225 538 2.000 10000.000 0.000 0.099
82 246.00 1200.01 215 481 2.000 10000.000 0.000 0.099
83 249.00 1200.01 217 443 2.000 10000.000 0.000 0.099
84 252.00 1200.01 242 471 2.000 10000.000 0.000 0.099
85 255.00 1200.01 232 523 2.000 10000.000 0.000 0.099
86 258.00 1200.01 246 523 2.000 10000.000 0.000 0.099
87 261.00 1200.01 257 604 2.000 10000.000 0.000 0.099
88 264.00 1200.01 285 628 2.000 10000.000 0.000 0.099
89 267.00 1200.01 279 713 2.000 10000.000 0.000 0.099
90 270.00 1200.01 332 822 2.000 10000.000 0.000 0.099
91 273.00 1200.01 316 862 2.000 10000.000 0.000 0.099
92 276.00 1200.01 337 983 2.000 10000.000 0.000 0.099
93 279.00 1200.01 327 954 2.000 10000.000 0.000 0.099
94 282.00 1200.01 349 966 2.000 10000.000 0.000 0.099
95 285.00 1200.01 355 1023 2.000 10000.000 0.000 0.099
96 288.00 1200.01 390 1014 2.000 10000.000 0.000 0.099
97 291.00 1200.01 316 1078 2.000 10000.000 0.000 0.099
98 294.00 1200.01 358 1030 2.000 10000.000 0.000 0.099
99 297.00 1200.01 351 1066 2.000 10000.000 0.000 0.099
100 300.00 1200.01 376 1026 2.000 10000.000 0.000 0.099
101 303.00 1200.01 293 914 2.000 10000.000 0.000 0.099
