# BinNR microsec tot-time (s)  O-Beam H-beam AUX Ampl(V) f(Hz) phase(deg) chi(pos)
0 0.00 1200.00 432 1407 1090 8.360 2000.000 0.000 1.329
1 50.00 1200.00 395 1428 1194 8.360 2000.000 0.000 1.329
2 100.00 1200.00 383 1619 1262 8.360 2000.000 0.000 1.329
3 150.00 1200.00 352 1708 1063 8.360 2000.000 0.000 1.329
4 200.00 1200.00 396 1580 1068 8.360 2000.000 0.000 1.329
5 250.00 1200.00 424 1428 1128 8.360 2000.000 0.000 1.329
6 300.00 1200.00 443 1360 1218 8.360 2000.000 0.000 1.329
7 350.00 1200.00 427 1521 1037 8.360 2000.000 0.000 1.329
8 400.00 1200.00 364 1562 1026 8.360 2000.000 0.000 1.329
9 450.00 1200.00 443 1463 967 8.360 2000.000 0.000 1.329
10 500.00 1200.00 438 1418 1148 8.360 2000.000 0.000 1.329
11 550.00 1200.00 405 1448 1135 8.360 2000.000 0.000 1.329
12 600.00 1200.00 378 1707 1148 8.360 2000.000 0.000 1.329
13 650.00 1200.00 389 1778 1069 8.360 2000.000 0.000 1.329
14 700.00 1200.00 397 1587 1017 8.360 2000.000 0.000 1.329
15 750.00 1200.00 473 1523 1134 8.360 2000.000 0.000 1.329
16 800.00 1200.00 423 1348 1178 8.360 2000.000 0.000 1.329
17 850.00 1200.00 440 1486 1143 8.360 2000.000 0.000 1.329
18 900.00 1200.00 405 1527 1030 8.360 2000.000 0.000 1.329
19 950.00 1200.00 464 1506 1013 8.360 2000.000 0.000 1.329
