# BinNR ps_pos tot-time (s)  O-Beam H-Beam AUX Amplitude(func. gen.)
-2.098389 20.0 1545 5806 4 2969 3794905901 7351 0.000000 0.000000 3.000000
-1.889648 20.0 1418 6365 2 2713 3794905927 7783 0.000000 0.000000 3.000000
-1.691895 20.0 1205 6894 2 2219 3794905953 8099 0.000000 0.000000 3.000000
-1.472168 20.0 984 7749 1 1823 3794905980 8733 0.000000 0.000000 3.000000
-1.263428 20.0 877 8209 3 1542 3794906006 9086 0.000000 0.000000 3.000000
-1.065674 20.0 933 8242 3 1620 3794906032 9175 0.000000 0.000000 3.000000
-0.845947 20.0 1054 7365 5 2014 3794906058 8419 0.000000 0.000000 3.000000
-0.637207 20.0 1357 6635 4 2415 3794906084 7992 0.000000 0.000000 3.000000
-0.417480 20.0 1560 6116 4 2867 3794906111 7676 0.000000 0.000000 3.000000
-0.208740 20.0 1721 5662 4 3140 3794906137 7383 0.000000 0.000000 3.000000
0.000000 20.0 1629 5810 5 3076 3794906163 7439 0.000000 0.000000 3.000000
0.208740 20.0 1443 6576 5 2603 3794906189 8019 0.000000 0.000000 3.000000
0.417480 20.0 1186 7157 6 2179 3794906215 8343 0.000000 0.000000 3.000000
0.626221 20.0 967 7857 2 1791 3794906241 8824 0.000000 0.000000 3.000000
0.834961 20.0 832 8082 5 1481 3794906268 8914 0.000000 0.000000 3.000000
1.054688 20.0 846 8005 6 1621 3794906294 8851 0.000000 0.000000 3.000000
1.263428 20.0 1102 7428 6 2123 3794906320 8530 0.000000 0.000000 3.000000
1.472168 20.0 1330 6572 5 2628 3794906347 7902 0.000000 0.000000 3.000000
1.669922 20.0 1663 5799 3 2991 3794906373 7462 0.000000 0.000000 3.000000
1.878662 20.0 1605 5676 2 3191 3794906399 7281 0.000000 0.000000 3.000000
2.098389 20.0 1550 5866 5 2997 3794906425 7416 0.000000 0.000000 3.000000
2.296143 20.0 1370 6449 4 2601 3794906452 7819 0.000000 0.000000 3.000000
