# BinNR ps_pos tot-time (s)  O-Beam H-Beam AUX Amplitude(func. gen.)
-2.098389 20.0 2155 4164 3 4003 3794899675 6319 0.000000 0.000000 0.400000
-1.889648 20.0 1929 4887 10 3546 3794899701 6816 0.000000 0.000000 0.400000
-1.691895 20.0 1438 6613 5 2645 3794899728 8051 0.000000 0.000000 0.400000
-1.472168 20.0 883 8035 5 1517 3794899754 8918 0.000000 0.000000 0.400000
-1.274414 20.0 518 9072 5 900 3794899780 9590 0.000000 0.000000 0.400000
-1.054688 20.0 457 9293 3 760 3794899806 9750 0.000000 0.000000 0.400000
-0.845947 20.0 656 8703 4 1308 3794899832 9359 0.000000 0.000000 0.400000
-0.626221 20.0 1143 7236 0 2157 3794899858 8379 0.000000 0.000000 0.400000
-0.428467 20.0 1618 5558 3 3180 3794899885 7176 0.000000 0.000000 0.400000
-0.208740 20.0 1965 4654 4 3749 3794899911 6619 0.000000 0.000000 0.400000
0.010986 20.0 2092 4219 1 4022 3794899937 6311 0.000000 0.000000 0.400000
0.208740 20.0 1942 5079 5 3434 3794899964 7021 0.000000 0.000000 0.400000
0.417480 20.0 1404 6547 0 2416 3794899990 7951 0.000000 0.000000 0.400000
0.615234 20.0 804 8410 4 1408 3794900016 9214 0.000000 0.000000 0.400000
0.834961 20.0 464 9350 4 724 3794900042 9814 0.000000 0.000000 0.400000
1.043701 20.0 406 9357 2 741 3794900068 9763 0.000000 0.000000 0.400000
1.263428 20.0 704 8519 0 1404 3794900095 9223 0.000000 0.000000 0.400000
1.461182 20.0 1151 7163 5 2188 3794900121 8314 0.000000 0.000000 0.400000
1.669922 20.0 1633 5421 7 3245 3794900147 7054 0.000000 0.000000 0.400000
1.878662 20.0 2105 4337 3 4077 3794900173 6442 0.000000 0.000000 0.400000
2.098389 20.0 2044 4340 8 3946 3794900199 6384 0.000000 0.000000 0.400000
2.307129 20.0 1742 5256 1 3253 3794900226 6998 0.000000 0.000000 0.400000
