# chi w_im1 w_im1_err w_im2 w_im2_err
-2.816375565033044204e+00 1.599239501867415925e+00 3.600419817798821559e-02 4.660685078610365961e-01 3.344924465185572515e-02 -5.992395018674159246e-01 3.600419817798821559e-02 -4.660685078610365961e-01 3.344924465185572515e-02
-2.517424071224594329e+00 1.330292124253799724e+00 3.617996194323357811e-02 6.195200598325756314e-01 3.131756330680088990e-02 -3.302921242537998348e-01 3.617996194323357811e-02 -6.195200598325756314e-01 3.131756330680088990e-02
-2.318123075352294116e+00 1.175835621511848172e+00 2.825263543289433660e-02 5.585718269654241785e-01 2.340991382606557453e-02 -1.758356215118481725e-01 2.825263543289433660e-02 -5.585718269654241785e-01 2.340991382606557453e-02
-2.019171581543845129e+00 9.997272075564764826e-01 2.440058474223693111e-02 5.127007806895531594e-01 1.766314530400380639e-02 2.727924435235729028e-04 2.440058474223693111e-02 -5.127007806895531594e-01 1.766314530400380639e-02
-1.720220087735395254e+00 9.133500471590458858e-01 1.563953288520911547e-02 3.964397162605120539e-01 1.151297658828828209e-02 8.664995284095411421e-02 1.563953288520911547e-02 -3.964397162605120539e-01 1.151297658828828209e-02
-1.487703267040541455e+00 8.217121231963734340e-01 1.449748811948277719e-02 3.487856655422643670e-01 9.647330854904769340e-03 1.782878768036265660e-01 1.449748811948277719e-02 -3.487856655422643670e-01 9.647330854904769340e-03
-1.221967598054645165e+00 7.615132708503569159e-01 1.192539230684551248e-02 2.818282141206222557e-01 7.660299758437219032e-03 2.384867291496430286e-01 1.192539230684551248e-02 -2.818282141206222557e-01 7.660299758437219032e-03
-9.894507773597913669e-01 7.426231692866699374e-01 8.642459190351675299e-03 2.063091057667212347e-01 6.008414315017478365e-03 2.573768307133300626e-01 8.642459190351675299e-03 -2.063091057667212347e-01 6.008414315017478365e-03
-7.237151083738955215e-01 7.268731194381439220e-01 6.731380023226520015e-03 1.409959123087351218e-01 4.980192123543137131e-03 2.731268805618560780e-01 6.731380023226520015e-03 -1.409959123087351218e-01 4.980192123543137131e-03
-4.579794393879992320e-01 6.976897780419410999e-01 6.051214333943556040e-03 8.822047219100277726e-02 4.432652447855146664e-03 3.023102219580589001e-01 6.051214333943556040e-03 -8.822047219100277726e-02 4.432652447855146664e-03
-1.922467938705922919e-01 6.988164030621376588e-01 5.346320548998467238e-03 3.066812695396402971e-02 4.091700080622101207e-03 3.011835969378623412e-01 5.346320548998467238e-03 -3.066812695396402971e-02 4.091700080622101207e-03
1.067046999378575833e-01 7.054111922076007346e-01 5.255956258121635173e-03 -2.174452379394080370e-02 4.129834315030419048e-03 2.945888077923992654e-01 5.255956258121635173e-03 2.174452379394080370e-02 4.129834315030419048e-03
3.392215206327109378e-01 7.018010670058456579e-01 5.640564066327838876e-03 -7.362800652196689610e-02 4.266698031810928216e-03 2.981989329941542866e-01 5.640564066327838876e-03 7.362800652196689610e-02 4.266698031810928216e-03
6.049571896186072273e-01 7.228841801997616390e-01 6.876533085097212908e-03 -1.453135741695850691e-01 4.976946393871343848e-03 2.771158198002383610e-01 6.876533085097212908e-03 1.453135741695850691e-01 4.976946393871343848e-03
8.374740103134605818e-01 7.304206025402821822e-01 7.997783017822453211e-03 -1.867301731786082386e-01 5.492690035120574576e-03 2.695793974597178178e-01 7.997783017822453211e-03 1.867301731786082386e-01 5.492690035120574576e-03
1.069993854476803063e+00 7.602233805175619974e-01 1.021103096150937674e-02 -2.522614658298239498e-01 6.858896957881988748e-03 2.397766194824380581e-01 1.021103096150937674e-02 2.522614658298239498e-01 6.858896957881988748e-03
1.368942324816763811e+00 8.196220115887762336e-01 1.268531559236645533e-02 -3.252830358440758074e-01 8.693436748860510627e-03 1.803779884112238219e-01 1.268531559236645533e-02 3.252830358440758074e-01 8.693436748860510627e-03
1.634677993802660101e+00 8.698936800244356782e-01 1.763205980952911242e-02 -4.095520710194551217e-01 1.181881109251099564e-02 1.301063199755643218e-01 1.763205980952911242e-02 4.095520710194551217e-01 1.181881109251099564e-02
1.900413662788556168e+00 9.524841000231411003e-01 1.821749772250880542e-02 -4.365884892846444987e-01 1.353839366578776272e-02 4.751589997685889966e-02 1.821749772250880542e-02 4.365884892846444987e-01 1.353839366578776272e-02
2.132930483483409745e+00 1.130807354431840661e+00 2.140972948986827329e-02 -4.784940854253501019e-01 1.828543617489207865e-02 -1.308073544318406611e-01 2.140972948986827329e-02 4.784940854253501019e-01 1.828543617489207865e-02
2.398666152469305590e+00 1.250269816268153367e+00 3.434199403738438100e-02 -6.141675572798604987e-01 2.864837773044624433e-02 -2.502698162681534777e-01 3.434199403738438100e-02 6.141675572798604987e-01 2.864837773044624433e-02
2.664398797986712975e+00 1.447171788076242471e+00 2.936142364818696004e-02 -4.754131423090939834e-01 2.770469864840054836e-02 -4.471717880762424713e-01 2.936142364818696004e-02 4.754131423090939834e-01 2.770469864840054836e-02
2.930134466972608820e+00 1.750433053425748398e+00 3.410866561317150991e-02 -1.892396352967289641e-01 2.779549467839013618e-02 -7.504330534257483976e-01 3.410866561317150991e-02 1.892396352967289641e-01 2.779549467839013618e-02
3.195870135958505109e+00 1.745102675000644199e+00 3.390337975944304749e-02 1.454653763324029181e-01 2.725749381805881930e-02 -7.451026750006441990e-01 3.390337975944304749e-02 -1.454653763324029181e-01 2.725749381805881930e-02
3.428386956653358464e+00 1.613874944313451687e+00 3.911686311272992433e-02 5.134155605757946272e-01 3.633425990357317531e-02 -6.138749443134516870e-01 3.911686311272992433e-02 -5.134155605757946272e-01 3.633425990357317531e-02
3.694122625639254753e+00 1.359421581906757881e+00 3.498079387503270216e-02 5.942378435509197976e-01 3.111808794193057434e-02 -3.594215819067578810e-01 3.498079387503270216e-02 -5.942378435509197976e-01 3.111808794193057434e-02
3.926639446334108108e+00 1.134320920697781565e+00 2.715781292624004639e-02 5.512155852273655787e-01 2.186992068498295333e-02 -1.343209206977815651e-01 2.715781292624004639e-02 -5.512155852273655787e-01 2.186992068498295333e-02
4.258806764965111569e+00 9.715127826134853928e-01 3.452516220197335284e-02 6.001517627002644906e-01 2.159535604846898882e-02 2.848721738651460722e-02 3.452516220197335284e-02 -6.001517627002644906e-01 2.159535604846898882e-02
4.491323585659965367e+00 8.841711649128584094e-01 1.897877002091905713e-02 4.291344789212490074e-01 1.273190287580743332e-02 1.158288350871415906e-01 1.897877002091905713e-02 -4.291344789212490074e-01 1.273190287580743332e-02
4.757059254645861657e+00 7.955232829480698431e-01 1.661133206220627434e-02 3.667461895727307519e-01 1.007442275583548749e-02 2.044767170519302124e-01 1.661133206220627434e-02 -3.667461895727307519e-01 1.007442275583548749e-02
4.989576075340714567e+00 7.892108011760706754e-01 1.036962535665043005e-02 2.615960877719740729e-01 7.395326699362938898e-03 2.107891988239293246e-01 1.036962535665043005e-02 -2.615960877719740729e-01 7.395326699362938898e-03
5.222095919504057271e+00 7.307927015309382268e-01 9.911533154940116441e-03 2.300189129160012946e-01 6.354260173921017808e-03 2.692072984690617732e-01 9.911533154940116441e-03 -2.300189129160012946e-01 6.354260173921017808e-03
5.487828565021464655e+00 7.249790434814128437e-01 7.138310642085008567e-03 1.527089295067599606e-01 5.159601361378162408e-03 2.750209565185871563e-01 7.138310642085008567e-03 -1.527089295067599606e-01 5.159601361378162408e-03
5.786780058829913642e+00 7.076086663136154087e-01 5.937872453976944000e-03 9.659105289064882915e-02 4.417551821406637616e-03 2.923913336863845913e-01 5.937872453976944000e-03 -9.659105289064882915e-02 4.417551821406637616e-03
6.052515727815809932e+00 6.981246800074697445e-01 5.453558514303099951e-03 4.581565806690087589e-02 4.143976427512745427e-03 3.018753199925302555e-01 5.453558514303099951e-03 -4.581565806690087589e-02 4.143976427512745427e-03
6.285032548510663730e+00 6.877002271540243461e-01 5.323695833315982007e-03 -2.131694140305673627e-02 3.900903986218060612e-03 3.122997728459756539e-01 5.323695833315982007e-03 2.131694140305673627e-02 3.900903986218060612e-03
6.583984042319113605e+00 6.938023453657389261e-01 5.809933573676511441e-03 -6.680936003731288708e-02 4.313566422220326858e-03 3.061976546342610184e-01 5.809933573676511441e-03 6.680936003731288708e-02 4.313566422220326858e-03
6.783285038191413818e+00 7.028345530712707401e-01 6.249970981438777128e-03 -1.153212856792260321e-01 4.437410928891785677e-03 2.971654469287293154e-01 6.249970981438777128e-03 1.153212856792260321e-01 4.437410928891785677e-03
7.049020707177309220e+00 7.201527735345343295e-01 8.246376195358760125e-03 -1.886345520079771021e-01 5.510442406509895134e-03 2.798472264654656705e-01 8.246376195358760125e-03 1.886345520079771021e-01 5.510442406509895134e-03
7.314753352694716604e+00 7.466656299178111578e-01 1.010053069795485182e-02 -2.444449009808217221e-01 6.609477245673690479e-03 2.533343700821888977e-01 1.010053069795485182e-02 2.444449009808217221e-01 6.609477245673690479e-03
7.580489021680612893e+00 8.149137757727396014e-01 1.093321600486473096e-02 -2.946145687987620776e-01 7.774899798089396699e-03 1.850862242272603431e-01 1.093321600486473096e-02 2.946145687987620776e-01 7.774899798089396699e-03
7.879440515489062768e+00 8.836715920690196846e-01 1.366095720581321678e-02 -3.591508612131774636e-01 1.008141854511609807e-02 1.163284079309802599e-01 1.366095720581321678e-02 3.591508612131774636e-01 1.008141854511609807e-02
