# chi w_im1 w_im1_err w_im2 w_im2_err
-9.103281757683905795e+00 1.675542267836561239e+00 1.917167769561979943e-02 2.453926894043434448e-01 1.588792825912673304e-02 -6.755422678365612388e-01 1.917167769561979943e-02 -2.453926894043434448e-01 1.588792825912673304e-02
-8.703074578044494913e+00 1.341679851953800684e+00 1.589617178484448168e-02 4.876821976489034705e-01 1.466717584775470776e-02 -3.416798519538006840e-01 1.589617178484448168e-02 -4.876821976489034705e-01 1.466717584775470776e-02
-8.336220020471122538e+00 1.043265522861315464e+00 1.266830281288265983e-02 4.772203570389307314e-01 1.005357337284635243e-02 -4.326552286131557512e-02 1.266830281288265983e-02 -4.772203570389307314e-01 1.005357337284635243e-02
-7.869310632343768042e+00 8.912055058894695625e-01 8.771463727028978863e-03 3.714932425164803043e-01 6.449661366971660287e-03 1.087944941105304375e-01 8.771463727028978863e-03 -3.714932425164803043e-01 6.449661366971660287e-03
-7.469103452704357160e+00 7.780416947690333984e-01 6.469251219829955969e-03 2.729400911951554431e-01 4.376916594773780367e-03 2.219583052309665461e-01 6.469251219829955969e-03 -2.729400911951554431e-01 4.376916594773780367e-03
-7.002197100221133397e+00 7.281303598454228476e-01 4.492186727312073857e-03 1.697844239279227840e-01 3.160875495995533763e-03 2.718696401545771524e-01 4.492186727312073857e-03 -1.697844239279227840e-01 3.160875495995533763e-03
-6.601989920581722515e+00 7.087569135453684055e-01 3.561213427289528118e-03 8.394530907140698717e-02 2.664997619146359728e-03 2.912430864546315945e-01 3.561213427289528118e-03 -8.394530907140698717e-02 2.664997619146359728e-03
-6.201782740942312522e+00 6.940456401395678210e-01 3.322146824389384228e-03 -3.376000480780693997e-03 2.500707241541073184e-03 3.059543598604321235e-01 3.322146824389384228e-03 3.376000480780693997e-03 2.500707241541073184e-03
-5.734873352814957137e+00 7.039561865412091723e-01 3.955731394336838881e-03 -1.081859944020024944e-01 2.848268141972521133e-03 2.960438134587908277e-01 3.955731394336838881e-03 1.081859944020024944e-01 2.848268141972521133e-03
-5.301316586753640259e+00 7.335147298512956215e-01 5.266236283499279268e-03 -2.012298865364059441e-01 3.595289527694638630e-03 2.664852701487043229e-01 5.266236283499279268e-03 2.012298865364059441e-01 3.595289527694638630e-03
-4.934458993536138038e+00 7.631295614829538554e-01 8.473564804120349570e-03 -3.161167634074574240e-01 5.122416807260091534e-03 2.368704385170461446e-01 8.473564804120349570e-03 3.161167634074574240e-01 5.122416807260091534e-03
-4.467552641052913387e+00 8.951946836496986748e-01 1.155991247395589741e-02 -4.328467912535510775e-01 7.884618043397283518e-03 1.048053163503013807e-01 1.155991247395589741e-02 4.328467912535510775e-01 7.884618043397283518e-03
-4.067345461413503394e+00 1.083402771655571417e+00 2.049842088120774897e-02 -6.109320890610915322e-01 1.478185286771296555e-02 -8.340277165557141714e-02 2.049842088120774897e-02 6.109320890610915322e-01 1.478185286771296555e-02
-3.600436073286148009e+00 1.445438142788910918e+00 1.939079747682373456e-02 -5.150592589475245786e-01 1.793506878105373750e-02 -4.454381427889109180e-01 1.939079747682373456e-02 5.150592589475245786e-01 1.793506878105373750e-02
-3.200228893646738459e+00 1.803910560421607245e+00 2.349867362860083922e-02 -1.751633914949086157e-01 1.807042597578922480e-02 -8.039105604216072454e-01 2.349867362860083922e-02 1.751633914949086157e-01 1.807042597578922480e-02
-2.766672127585420693e+00 1.614011296191543154e+00 1.980217117742735095e-02 3.895797107704105366e-01 1.774907480094224319e-02 -6.140112961915431544e-01 1.980217117742735095e-02 -3.895797107704105366e-01 1.774907480094224319e-02
-2.333115361524103815e+00 1.209314382467148175e+00 1.670026543209778350e-02 5.499394841034459525e-01 1.417572554125742096e-02 -2.093143824671480635e-01 1.670026543209778350e-02 -5.499394841034459525e-01 1.417572554125742096e-02
-1.966257768306600706e+00 9.709331522668750436e-01 1.253238317331587838e-02 4.712264315789493341e-01 9.158895769037512721e-03 2.906684773312495640e-02 1.253238317331587838e-02 -4.712264315789493341e-01 9.158895769037512721e-03
-1.465998793757338658e+00 8.228697323770632899e-01 8.832189673666782787e-03 3.545933669663510757e-01 5.835482408459729056e-03 1.771302676229366546e-01 8.832189673666782787e-03 -3.545933669663510757e-01 5.835482408459729056e-03
-1.065791614117928443e+00 7.462374384128915850e-01 6.279019826523810598e-03 2.504446657418669120e-01 4.054524016408406206e-03 2.537625615871084706e-01 6.279019826523810598e-03 -2.504446657418669120e-01 4.054524016408406206e-03
-6.322348480566113427e-01 7.213345586312465141e-01 4.207830770617307890e-03 1.462790187645895967e-01 3.020818112945092716e-03 2.786654413687534859e-01 4.207830770617307890e-03 -1.462790187645895967e-01 3.020818112945092716e-03
-1.986780819952941868e-01 6.959431648710812102e-01 3.435197257687193709e-03 5.384171618273545651e-02 2.551034733416164806e-03 3.040568351289187343e-01 3.435197257687193709e-03 -5.384171618273545651e-02 2.551034733416164806e-03
2.015290976441158066e-01 6.963392338661927861e-01 3.356919734803060287e-03 -3.445210530667021376e-02 2.520312099144005318e-03 3.036607661338072139e-01 3.356919734803060287e-03 3.445210530667021376e-02 2.520312099144005318e-03
6.350888993495638069e-01 7.047290124719353122e-01 4.090035495292950428e-03 -1.263027560153392737e-01 2.890292625849974310e-03 2.952709875280646878e-01 4.090035495292950428e-03 1.263027560153392737e-01 2.890292625849974310e-03
1.035296078988973800e+00 7.451785282153540191e-01 5.847676487625952206e-03 -2.299087680694949787e-01 3.921791570096649568e-03 2.548214717846459809e-01 5.847676487625952206e-03 2.299087680694949787e-01 3.921791570096649568e-03
1.435503258628383794e+00 8.176896733192319244e-01 7.912300625188261119e-03 -3.222746269456998602e-01 5.445620128163184033e-03 1.823103266807680756e-01 7.912300625188261119e-03 3.222746269456998602e-01 5.445620128163184033e-03
1.935759197533515552e+00 9.330342370423623244e-01 1.255389772448411989e-02 -4.610519215522561054e-01 8.804577748932033640e-03 6.696576295763762010e-02 1.255389772448411989e-02 4.610519215522561054e-01 8.804577748932033640e-03
2.302616790751018438e+00 1.165921869812135192e+00 1.672155304853460353e-02 -5.496976575484698868e-01 1.380896675772055014e-02 -1.659218698121351920e-01 1.672155304853460353e-02 5.496976575484698868e-01 1.380896675772055014e-02
2.736173556812335761e+00 1.597478450727401356e+00 2.158505231635101176e-02 -4.646932111016558453e-01 1.980796066494071653e-02 -5.974784507274013556e-01 2.158505231635101176e-02 4.646932111016558453e-01 1.980796066494071653e-02
3.169733358517783373e+00 1.766432451049545937e+00 2.099973812457758132e-02 -3.301004244970913437e-02 1.566171267325055377e-02 -7.664324510495459375e-01 2.099973812457758132e-02 3.301004244970913437e-02 1.566171267325055377e-02
3.603290124579100695e+00 1.555015051729143005e+00 1.950230506993956558e-02 4.477245070358992218e-01 1.785630355177669076e-02 -5.550150517291430052e-01 1.950230506993956558e-02 -4.477245070358992218e-01 1.785630355177669076e-02
4.036846890640417129e+00 1.181116079035312350e+00 1.571854027876081611e-02 5.341136081021420345e-01 1.325055413634200138e-02 -1.811160790353122385e-01 1.571854027876081611e-02 -5.341136081021420345e-01 1.325055413634200138e-02
4.470403656701734896e+00 9.268132088324669837e-01 1.090810686372870909e-02 4.274874230452299639e-01 7.900065913453373223e-03 7.318679116753296077e-02 1.090810686372870909e-02 -4.274874230452299639e-01 7.900065913453373223e-03
4.837261249919238004e+00 8.030911164100823507e-01 8.335235944738490430e-03 3.352863175761295889e-01 5.418336891456342064e-03 1.969088835899176493e-01 8.335235944738490430e-03 -3.352863175761295889e-01 5.418336891456342064e-03
5.270818015980554883e+00 7.523979609796667134e-01 5.469600307100815940e-03 2.287308009421329114e-01 3.718491809937355883e-03 2.476020390203333421e-01 5.469600307100815940e-03 -2.287308009421329114e-01 3.718491809937355883e-03
5.704374782041871761e+00 7.030762837249108221e-01 4.235467814758307400e-03 1.361964478058555750e-01 2.909697599489231845e-03 2.969237162750891779e-01 4.235467814758307400e-03 -1.361964478058555750e-01 2.909697599489231845e-03
6.137934583747320261e+00 7.002377238058071773e-01 3.329041570128640076e-03 4.277536768420574925e-02 2.504941416551866896e-03 2.997622761941928227e-01 3.329041570128640076e-03 -4.277536768420574925e-02 2.504941416551866896e-03
6.538141763386730254e+00 6.912876232510551944e-01 3.438723252456067636e-03 -4.317504022301413280e-02 2.543480495169932274e-03 3.087123767489448056e-01 3.438723252456067636e-03 4.317504022301413280e-02 2.543480495169932274e-03
7.005048115869954017e+00 7.097798357663962499e-01 4.368574070608156543e-03 -1.441314887491899344e-01 3.024656540527052070e-03 2.902201642336037501e-01 4.368574070608156543e-03 1.441314887491899344e-01 3.024656540527052070e-03
7.438607917575403405e+00 7.484585297490702338e-01 6.577189819059067744e-03 -2.580338978737111710e-01 4.226483649722916590e-03 2.515414702509297662e-01 6.577189819059067744e-03 2.580338978737111710e-01 4.226483649722916590e-03
7.838812061570681777e+00 8.263843438544173914e-01 9.454278892647135016e-03 -3.686930510340957201e-01 6.161613399196724968e-03 1.736156561455826086e-01 9.454278892647135016e-03 3.686930510340957201e-01 6.161613399196724968e-03
8.272371863276127613e+00 9.551362713683668737e-01 1.397841137956413321e-02 -4.941652715241611760e-01 9.705962467711593683e-03 4.486372863163312630e-02 1.397841137956413321e-02 4.941652715241611760e-01 9.705962467711593683e-03
8.705928629337446267e+00 1.219593250670717222e+00 2.043815513271411699e-02 -6.057959119521614255e-01 1.674602702425467132e-02 -2.195932506707172216e-01 2.043815513271411699e-02 6.057959119521614255e-01 1.674602702425467132e-02
9.106135808976855373e+00 1.584583664248186086e+00 2.080966177737536213e-02 -4.484967889554009601e-01 1.906852172504459528e-02 -5.845836642481860856e-01 2.080966177737536213e-02 4.484967889554009601e-01 1.906852172504459528e-02
9.539692575038174027e+00 1.821085895006097966e+00 2.343851945242531390e-02 2.708583293591255992e-02 1.695937858514714666e-02 -8.210858950060979655e-01 2.343851945242531390e-02 -2.708583293591255992e-02 1.695937858514714666e-02
