# BinNR microsec tot-time (s)  O-Beam H-beam AUX Ampl(V) f(Hz) phase(deg) chi(pos)
0 0.00 1200.00 256 2210 182 3.455 2000.000 0.000 0.791
1 50.00 1200.00 153 2886 453 3.455 2000.000 0.000 0.791
2 100.00 1200.00 109 3079 854 3.455 2000.000 0.000 0.791
3 150.00 1200.00 138 3004 1142 3.455 2000.000 0.000 0.791
4 200.00 1200.00 121 3067 1164 3.455 2000.000 0.000 0.791
5 250.00 1200.00 132 2943 1011 3.455 2000.000 0.000 0.791
6 300.00 1200.00 276 2359 562 3.455 2000.000 0.000 0.791
7 350.00 1200.00 426 1732 225 3.455 2000.000 0.000 0.791
8 400.00 1200.00 415 1454 228 3.455 2000.000 0.000 0.791
9 450.00 1200.00 374 1597 257 3.455 2000.000 0.000 0.791
10 500.00 1200.00 285 2173 215 3.455 2000.000 0.000 0.791
11 550.00 1200.00 136 2894 365 3.455 2000.000 0.000 0.791
12 600.00 1200.00 91 3120 845 3.455 2000.000 0.000 0.791
13 650.00 1200.00 121 3026 1172 3.455 2000.000 0.000 0.791
14 700.00 1200.00 117 3022 1181 3.455 2000.000 0.000 0.791
15 750.00 1200.00 128 2981 1043 3.455 2000.000 0.000 0.791
16 800.00 1200.00 272 2358 564 3.455 2000.000 0.000 0.791
17 850.00 1200.00 433 1764 205 3.455 2000.000 0.000 0.791
18 900.00 1200.00 436 1498 204 3.455 2000.000 0.000 0.791
19 950.00 1200.00 419 1631 264 3.455 2000.000 0.000 0.791
