# BinNR microsec tot-time (s)  O-Beam H-beam AUX Ampl(V) f(Hz) phase(deg) chi(pos)
0 0.00 1200.00 167 2634 675 8.360 2000.000 0.000 0.648
1 50.00 1200.00 251 2368 455 8.360 2000.000 0.000 0.648
2 100.00 1200.00 332 1975 227 8.360 2000.000 0.000 0.648
3 150.00 1200.00 354 1988 182 8.360 2000.000 0.000 0.648
4 200.00 1200.00 296 2052 183 8.360 2000.000 0.000 0.648
5 250.00 1200.00 191 2399 264 8.360 2000.000 0.000 0.648
6 300.00 1200.00 140 2756 465 8.360 2000.000 0.000 0.648
7 350.00 1200.00 97 2904 683 8.360 2000.000 0.000 0.648
8 400.00 1200.00 97 3025 831 8.360 2000.000 0.000 0.648
9 450.00 1200.00 110 2869 841 8.360 2000.000 0.000 0.648
10 500.00 1200.00 155 2705 697 8.360 2000.000 0.000 0.648
11 550.00 1200.00 282 2340 437 8.360 2000.000 0.000 0.648
12 600.00 1200.00 335 2069 254 8.360 2000.000 0.000 0.648
13 650.00 1200.00 352 1878 204 8.360 2000.000 0.000 0.648
14 700.00 1200.00 324 2037 197 8.360 2000.000 0.000 0.648
15 750.00 1200.00 220 2503 274 8.360 2000.000 0.000 0.648
16 800.00 1200.00 143 2844 458 8.360 2000.000 0.000 0.648
17 850.00 1200.00 106 2977 691 8.360 2000.000 0.000 0.648
18 900.00 1200.00 84 2952 867 8.360 2000.000 0.000 0.648
19 950.00 1200.00 124 2912 823 8.360 2000.000 0.000 0.648
