# BinNR ps_pos tot-time (s)  O-Beam H-Beam AUX Amplitude(func. gen.)
0.930740 5.0 5 159 0 14 3794700666 164 0.000000 0.000000 4.000000 2.000000
0.930810 5.0 4 167 1 13 3794700677 171 0.000000 0.000000 4.000000 2.000000
0.930850 5.0 5 195 0 14 3794700688 200 0.000000 0.000000 4.000000 2.000000
0.930900 5.0 7 207 1 11 3794700699 214 0.000000 0.000000 4.000000 2.000000
0.930950 5.0 15 281 1 11 3794700710 296 0.000000 0.000000 4.000000 2.000000
0.931000 5.0 25 286 2 24 3794700720 311 0.000000 0.000000 4.000000 2.000000
0.931060 5.0 33 339 0 46 3794700731 372 0.000000 0.000000 4.000000 2.000000
0.931100 5.0 62 395 0 83 3794700742 457 0.000000 0.000000 4.000000 2.000000
0.931140 5.0 75 413 1 116 3794700754 488 0.000000 0.000000 4.000000 2.000000
0.931210 5.0 130 529 1 194 3794700764 659 0.000000 0.000000 4.000000 2.000000
0.931250 5.0 163 503 1 259 3794700775 666 0.000000 0.000000 4.000000 2.000000
0.931300 5.0 251 649 2 426 3794700786 900 0.000000 0.000000 4.000000 2.000000
0.931370 5.0 378 823 1 532 3794700797 1201 0.000000 0.000000 4.000000 2.000000
0.931400 5.0 359 1221 2 602 3794700808 1580 0.000000 0.000000 4.000000 2.000000
0.931450 5.0 391 1395 2 658 3794700819 1786 0.000000 0.000000 4.000000 2.000000
0.931510 5.0 374 1513 3 711 3794700829 1887 0.000000 0.000000 4.000000 2.000000
0.931560 5.0 321 1618 0 615 3794700840 1939 0.000000 0.000000 4.000000 2.000000
0.931600 5.0 294 1616 0 535 3794700851 1910 0.000000 0.000000 4.000000 2.000000
0.931650 5.0 180 1525 2 358 3794700862 1705 0.000000 0.000000 4.000000 2.000000
0.931700 5.0 145 1274 0 304 3794700872 1419 0.000000 0.000000 4.000000 2.000000
0.931750 5.0 94 1047 3 180 3794700883 1141 0.000000 0.000000 4.000000 2.000000
0.931800 5.0 70 919 0 119 3794700894 989 0.000000 0.000000 4.000000 2.000000
0.931850 5.0 38 751 0 76 3794700905 789 0.000000 0.000000 4.000000 2.000000
0.931890 5.0 41 648 1 85 3794700916 689 0.000000 0.000000 4.000000 2.000000
0.931950 5.0 62 558 1 70 3794700927 620 0.000000 0.000000 4.000000 2.000000
0.932000 5.0 49 438 0 49 3794700937 487 0.000000 0.000000 4.000000 2.000000
0.932060 5.0 18 385 0 18 3794700948 403 0.000000 0.000000 4.000000 2.000000
0.932100 5.0 8 354 0 25 3794700959 362 0.000000 0.000000 4.000000 2.000000
0.932150 5.0 14 372 0 10 3794700970 386 0.000000 0.000000 4.000000 2.000000
0.932200 5.0 13 363 0 18 3794700981 376 0.000000 0.000000 4.000000 2.000000
0.932250 5.0 22 350 2 27 3794700992 372 0.000000 0.000000 4.000000 2.000000
0.932300 5.0 51 405 2 77 3794701003 456 0.000000 0.000000 4.000000 2.000000
0.932350 5.0 42 395 1 63 3794701014 437 0.000000 0.000000 4.000000 2.000000
0.932410 5.0 19 331 0 31 3794701025 350 0.000000 0.000000 4.000000 2.000000
0.932450 5.0 21 398 2 27 3794701036 419 0.000000 0.000000 4.000000 2.000000
0.932510 5.0 33 393 1 43 3794701047 426 0.000000 0.000000 4.000000 2.000000
0.932560 5.0 58 432 2 74 3794701058 490 0.000000 0.000000 4.000000 2.000000
0.932610 5.0 67 481 0 141 3794701068 548 0.000000 0.000000 4.000000 2.000000
0.932650 5.0 106 527 0 190 3794701079 633 0.000000 0.000000 4.000000 2.000000
0.932710 5.0 183 592 1 286 3794701090 775 0.000000 0.000000 4.000000 2.000000
0.932750 5.0 240 703 0 404 3794701101 943 0.000000 0.000000 4.000000 2.000000
0.932810 5.0 291 967 1 453 3794701112 1258 0.000000 0.000000 4.000000 2.000000
0.932860 5.0 357 1353 0 515 3794701122 1710 0.000000 0.000000 4.000000 2.000000
0.932900 5.0 333 1417 1 593 3794701133 1750 0.000000 0.000000 4.000000 2.000000
0.932950 5.0 337 1676 1 636 3794701144 2013 0.000000 0.000000 4.000000 2.000000
0.933000 5.0 310 1664 2 594 3794701156 1974 0.000000 0.000000 4.000000 2.000000
0.933050 5.0 240 1737 1 424 3794701166 1977 0.000000 0.000000 4.000000 2.000000
0.933100 5.0 182 1614 3 331 3794701177 1796 0.000000 0.000000 4.000000 2.000000
0.933150 5.0 156 1336 2 233 3794701188 1492 0.000000 0.000000 4.000000 2.000000
0.933210 5.0 71 1010 0 146 3794701199 1081 0.000000 0.000000 4.000000 2.000000
0.933240 5.0 50 889 3 98 3794701210 939 0.000000 0.000000 4.000000 2.000000
0.933300 5.0 30 662 0 71 3794701221 692 0.000000 0.000000 4.000000 2.000000
0.933360 5.0 33 562 1 45 3794701232 595 0.000000 0.000000 4.000000 2.000000
0.933410 5.0 25 408 1 25 3794701243 433 0.000000 0.000000 4.000000 2.000000
0.933450 5.0 23 377 0 21 3794701254 400 0.000000 0.000000 4.000000 2.000000
0.933500 5.0 9 292 1 19 3794701265 301 0.000000 0.000000 4.000000 2.000000
0.933550 5.0 7 256 0 11 3794701276 263 0.000000 0.000000 4.000000 2.000000
0.933600 5.0 8 201 1 12 3794701287 209 0.000000 0.000000 4.000000 2.000000
0.933650 5.0 9 197 1 9 3794701298 206 0.000000 0.000000 4.000000 2.000000
0.933690 5.0 7 162 0 18 3794701308 169 0.000000 0.000000 4.000000 2.000000
