# BinNR ps_pos tot-time (s)  O-Beam H-Beam AUX Amplitude(func. gen.)
-2.098389 20.0 1642 5679 2 3100 3794735158 7321 0.000000 0.000000 8.000000 4.000000
-1.889648 20.0 1273 6569 5 2422 3794735185 7842 0.000000 0.000000 8.000000 4.000000
-1.691895 20.0 932 8036 4 1679 3794735211 8968 0.000000 0.000000 8.000000 4.000000
-1.472168 20.0 689 8762 1 1275 3794735238 9451 0.000000 0.000000 8.000000 4.000000
-1.274414 20.0 693 8573 3 1242 3794735264 9266 0.000000 0.000000 8.000000 4.000000
-1.054688 20.0 903 7659 1 1749 3794735291 8562 0.000000 0.000000 8.000000 4.000000
-0.834961 20.0 1238 6858 4 2345 3794735317 8096 0.000000 0.000000 8.000000 4.000000
-0.626221 20.0 1636 5745 4 3095 3794735344 7381 0.000000 0.000000 8.000000 4.000000
-0.417480 20.0 1777 4980 3 3400 3794735370 6757 0.000000 0.000000 8.000000 4.000000
-0.208740 20.0 1743 5360 0 3392 3794735397 7103 0.000000 0.000000 8.000000 4.000000
0.000000 20.0 1502 6253 3 2679 3794735423 7755 0.000000 0.000000 8.000000 4.000000
0.208740 20.0 1214 7044 2 2306 3794735450 8258 0.000000 0.000000 8.000000 4.000000
0.417480 20.0 896 8072 3 1485 3794735476 8968 0.000000 0.000000 8.000000 4.000000
0.626221 20.0 693 8556 1 1175 3794735503 9249 0.000000 0.000000 8.000000 4.000000
0.823975 20.0 714 8538 3 1266 3794735529 9252 0.000000 0.000000 8.000000 4.000000
1.054688 20.0 955 7625 3 1829 3794735556 8580 0.000000 0.000000 8.000000 4.000000
1.252441 20.0 1295 6576 4 2451 3794735582 7871 0.000000 0.000000 8.000000 4.000000
1.472168 20.0 1755 5589 4 3249 3794735608 7344 0.000000 0.000000 8.000000 4.000000
1.680908 20.0 1891 5063 2 3449 3794735635 6954 0.000000 0.000000 8.000000 4.000000
1.889648 20.0 1862 5161 4 3500 3794735661 7023 0.000000 0.000000 8.000000 4.000000
2.098389 20.0 1618 5921 2 2999 3794735688 7539 0.000000 0.000000 8.000000 4.000000
2.307129 20.0 1164 7219 2 2057 3794735714 8383 0.000000 0.000000 8.000000 4.000000
