# BinNR ps_pos tot-time (s)  O-Beam H-Beam AUX Amplitude(func. gen.)
0.930760 5.0 1 148 0 8 3794734470 149 0.000000 0.000000 8.000000 4.000000
0.930810 5.0 3 169 2 13 3794734481 172 0.000000 0.000000 8.000000 4.000000
0.930860 5.0 2 192 0 15 3794734492 194 0.000000 0.000000 8.000000 4.000000
0.930900 5.0 7 191 0 17 3794734504 198 0.000000 0.000000 8.000000 4.000000
0.930960 5.0 20 223 0 18 3794734515 243 0.000000 0.000000 8.000000 4.000000
0.931010 5.0 19 297 0 26 3794734526 316 0.000000 0.000000 8.000000 4.000000
0.931050 5.0 26 342 0 36 3794734537 368 0.000000 0.000000 8.000000 4.000000
0.931100 5.0 49 393 0 75 3794734548 442 0.000000 0.000000 8.000000 4.000000
0.931150 5.0 70 433 0 132 3794734559 503 0.000000 0.000000 8.000000 4.000000
0.931210 5.0 133 499 0 156 3794734569 632 0.000000 0.000000 8.000000 4.000000
0.931250 5.0 153 579 1 238 3794734580 732 0.000000 0.000000 8.000000 4.000000
0.931300 5.0 209 755 1 347 3794734591 964 0.000000 0.000000 8.000000 4.000000
0.931350 5.0 323 878 0 426 3794734602 1201 0.000000 0.000000 8.000000 4.000000
0.931420 5.0 293 1284 2 569 3794734613 1577 0.000000 0.000000 8.000000 4.000000
0.931450 5.0 326 1534 0 554 3794734624 1860 0.000000 0.000000 8.000000 4.000000
0.931500 5.0 317 1670 3 643 3794734635 1987 0.000000 0.000000 8.000000 4.000000
0.931560 5.0 303 1676 0 557 3794734646 1979 0.000000 0.000000 8.000000 4.000000
0.931600 5.0 251 1703 1 492 3794734657 1954 0.000000 0.000000 8.000000 4.000000
0.931650 5.0 199 1526 3 305 3794734668 1725 0.000000 0.000000 8.000000 4.000000
0.931700 5.0 126 1326 1 286 3794734679 1452 0.000000 0.000000 8.000000 4.000000
0.931760 5.0 112 1061 0 211 3794734690 1173 0.000000 0.000000 8.000000 4.000000
0.931810 5.0 75 901 1 114 3794734701 976 0.000000 0.000000 8.000000 4.000000
0.931860 5.0 64 760 0 81 3794734713 824 0.000000 0.000000 8.000000 4.000000
0.931900 5.0 52 574 0 79 3794734724 626 0.000000 0.000000 8.000000 4.000000
0.931950 5.0 64 536 1 101 3794734735 600 0.000000 0.000000 8.000000 4.000000
0.932010 5.0 46 450 0 65 3794734746 496 0.000000 0.000000 8.000000 4.000000
0.932050 5.0 13 391 0 27 3794734757 404 0.000000 0.000000 8.000000 4.000000
0.932100 5.0 14 353 0 12 3794734768 367 0.000000 0.000000 8.000000 4.000000
0.932150 5.0 9 332 3 17 3794734779 341 0.000000 0.000000 8.000000 4.000000
0.932210 5.0 7 334 1 20 3794734790 341 0.000000 0.000000 8.000000 4.000000
0.932250 5.0 20 322 2 27 3794734801 342 0.000000 0.000000 8.000000 4.000000
0.932310 5.0 60 382 1 72 3794734812 442 0.000000 0.000000 8.000000 4.000000
0.932350 5.0 35 406 3 67 3794734824 441 0.000000 0.000000 8.000000 4.000000
0.932400 5.0 24 368 1 25 3794734835 392 0.000000 0.000000 8.000000 4.000000
0.932450 5.0 28 397 1 30 3794734845 425 0.000000 0.000000 8.000000 4.000000
0.932500 5.0 21 396 0 36 3794734856 417 0.000000 0.000000 8.000000 4.000000
0.932560 5.0 48 467 1 63 3794734867 515 0.000000 0.000000 8.000000 4.000000
0.932610 5.0 60 510 2 96 3794734879 570 0.000000 0.000000 8.000000 4.000000
0.932650 5.0 94 543 0 183 3794734890 637 0.000000 0.000000 8.000000 4.000000
0.932700 5.0 146 556 2 227 3794734901 702 0.000000 0.000000 8.000000 4.000000
0.932750 5.0 208 800 1 355 3794734912 1008 0.000000 0.000000 8.000000 4.000000
0.932800 5.0 231 1075 2 431 3794734923 1306 0.000000 0.000000 8.000000 4.000000
0.932860 5.0 229 1385 2 455 3794734934 1614 0.000000 0.000000 8.000000 4.000000
0.932900 5.0 311 1616 0 480 3794734945 1927 0.000000 0.000000 8.000000 4.000000
0.932950 5.0 310 1684 0 564 3794734956 1994 0.000000 0.000000 8.000000 4.000000
0.933000 5.0 275 1894 0 512 3794734967 2169 0.000000 0.000000 8.000000 4.000000
0.933050 5.0 265 1822 0 463 3794734978 2087 0.000000 0.000000 8.000000 4.000000
0.933100 5.0 205 1607 0 328 3794734989 1812 0.000000 0.000000 8.000000 4.000000
0.933150 5.0 185 1314 1 276 3794735000 1499 0.000000 0.000000 8.000000 4.000000
0.933200 5.0 104 970 3 183 3794735011 1074 0.000000 0.000000 8.000000 4.000000
0.933260 5.0 84 833 1 116 3794735022 917 0.000000 0.000000 8.000000 4.000000
0.933300 5.0 36 655 0 78 3794735033 691 0.000000 0.000000 8.000000 4.000000
0.933350 5.0 35 542 0 47 3794735044 577 0.000000 0.000000 8.000000 4.000000
0.933410 5.0 19 434 3 31 3794735055 453 0.000000 0.000000 8.000000 4.000000
0.933460 5.0 16 361 2 30 3794735066 377 0.000000 0.000000 8.000000 4.000000
0.933510 5.0 12 292 0 20 3794735077 304 0.000000 0.000000 8.000000 4.000000
0.933560 5.0 6 257 2 17 3794735089 263 0.000000 0.000000 8.000000 4.000000
0.933600 5.0 8 221 0 18 3794735100 229 0.000000 0.000000 8.000000 4.000000
0.933650 5.0 6 209 4 19 3794735111 215 0.000000 0.000000 8.000000 4.000000
0.933690 5.0 6 161 1 9 3794735122 167 0.000000 0.000000 8.000000 4.000000
