# BinNR ps_pos tot-time (s)  O-Beam H-Beam AUX Amplitude(func. gen.)
0.930740 5.0 2 158 0 9 3794720653 160 0.000000 0.000000 8.000000 2.000000
0.930800 5.0 2 152 0 17 3794720664 154 0.000000 0.000000 8.000000 2.000000
0.930860 5.0 5 181 1 17 3794720675 186 0.000000 0.000000 8.000000 2.000000
0.930920 5.0 6 210 0 10 3794720685 216 0.000000 0.000000 8.000000 2.000000
0.930950 5.0 10 255 0 18 3794720696 265 0.000000 0.000000 8.000000 2.000000
0.931010 5.0 11 295 2 18 3794720707 306 0.000000 0.000000 8.000000 2.000000
0.931040 5.0 27 352 0 23 3794720718 379 0.000000 0.000000 8.000000 2.000000
0.931110 5.0 27 403 0 33 3794720729 430 0.000000 0.000000 8.000000 2.000000
0.931150 5.0 43 496 0 58 3794720740 539 0.000000 0.000000 8.000000 2.000000
0.931210 5.0 71 637 1 104 3794720751 708 0.000000 0.000000 8.000000 2.000000
0.931260 5.0 84 765 3 125 3794720764 849 0.000000 0.000000 8.000000 2.000000
0.931300 5.0 129 942 1 223 3794720775 1071 0.000000 0.000000 8.000000 2.000000
0.931350 5.0 185 1250 1 309 3794720786 1435 0.000000 0.000000 8.000000 2.000000
0.931410 5.0 238 1512 1 393 3794720797 1750 0.000000 0.000000 8.000000 2.000000
0.931460 5.0 249 1681 1 479 3794720808 1930 0.000000 0.000000 8.000000 2.000000
0.931500 5.0 295 1760 2 487 3794720819 2055 0.000000 0.000000 8.000000 2.000000
0.931560 5.0 307 1753 0 557 3794720830 2060 0.000000 0.000000 8.000000 2.000000
0.931620 5.0 303 1552 0 532 3794720841 1855 0.000000 0.000000 8.000000 2.000000
0.931650 5.0 261 1477 0 434 3794720852 1738 0.000000 0.000000 8.000000 2.000000
0.931710 5.0 218 1173 1 366 3794720863 1391 0.000000 0.000000 8.000000 2.000000
0.931750 5.0 177 862 1 322 3794720874 1039 0.000000 0.000000 8.000000 2.000000
0.931810 5.0 166 720 1 223 3794720885 886 0.000000 0.000000 8.000000 2.000000
0.931870 5.0 86 612 2 152 3794720895 698 0.000000 0.000000 8.000000 2.000000
0.931900 5.0 81 560 0 112 3794720907 641 0.000000 0.000000 8.000000 2.000000
0.931950 5.0 58 555 0 93 3794720918 613 0.000000 0.000000 8.000000 2.000000
0.931990 5.0 51 471 1 74 3794720929 522 0.000000 0.000000 8.000000 2.000000
0.932040 5.0 22 380 1 36 3794720940 402 0.000000 0.000000 8.000000 2.000000
0.932100 5.0 13 380 0 23 3794720951 393 0.000000 0.000000 8.000000 2.000000
0.932150 5.0 7 341 0 17 3794720962 348 0.000000 0.000000 8.000000 2.000000
0.932210 5.0 12 310 0 21 3794720973 322 0.000000 0.000000 8.000000 2.000000
0.932250 5.0 19 331 0 25 3794720984 350 0.000000 0.000000 8.000000 2.000000
0.932300 5.0 28 414 2 48 3794720995 442 0.000000 0.000000 8.000000 2.000000
0.932370 5.0 37 383 1 44 3794721006 420 0.000000 0.000000 8.000000 2.000000
0.932400 5.0 28 348 2 22 3794721017 376 0.000000 0.000000 8.000000 2.000000
0.932460 5.0 18 407 2 30 3794721028 425 0.000000 0.000000 8.000000 2.000000
0.932510 5.0 26 417 0 32 3794721039 443 0.000000 0.000000 8.000000 2.000000
0.932550 5.0 23 489 1 30 3794721050 512 0.000000 0.000000 8.000000 2.000000
0.932600 5.0 41 529 1 63 3794721061 570 0.000000 0.000000 8.000000 2.000000
0.932660 5.0 80 708 0 109 3794721072 788 0.000000 0.000000 8.000000 2.000000
0.932700 5.0 93 751 0 136 3794721082 844 0.000000 0.000000 8.000000 2.000000
0.932750 5.0 143 998 0 221 3794721093 1141 0.000000 0.000000 8.000000 2.000000
0.932800 5.0 183 1194 2 296 3794721104 1377 0.000000 0.000000 8.000000 2.000000
0.932860 5.0 204 1483 0 380 3794721115 1687 0.000000 0.000000 8.000000 2.000000
0.932900 5.0 251 1696 1 520 3794721126 1947 0.000000 0.000000 8.000000 2.000000
0.932960 5.0 315 1752 2 558 3794721137 2067 0.000000 0.000000 8.000000 2.000000
0.933000 5.0 319 1773 0 580 3794721148 2092 0.000000 0.000000 8.000000 2.000000
0.933050 5.0 287 1613 3 572 3794721159 1900 0.000000 0.000000 8.000000 2.000000
0.933100 5.0 295 1455 2 478 3794721169 1750 0.000000 0.000000 8.000000 2.000000
0.933160 5.0 265 1097 2 413 3794721180 1362 0.000000 0.000000 8.000000 2.000000
0.933200 5.0 183 906 0 359 3794721191 1089 0.000000 0.000000 8.000000 2.000000
0.933260 5.0 135 642 0 195 3794721202 777 0.000000 0.000000 8.000000 2.000000
0.933290 5.0 107 556 2 151 3794721213 663 0.000000 0.000000 8.000000 2.000000
0.933350 5.0 70 461 0 104 3794721224 531 0.000000 0.000000 8.000000 2.000000
0.933400 5.0 42 396 1 58 3794721235 438 0.000000 0.000000 8.000000 2.000000
0.933450 5.0 24 343 0 41 3794721246 367 0.000000 0.000000 8.000000 2.000000
0.933500 5.0 16 264 1 33 3794721257 280 0.000000 0.000000 8.000000 2.000000
0.933550 5.0 8 240 1 23 3794721269 248 0.000000 0.000000 8.000000 2.000000
0.933600 5.0 9 232 0 16 3794721280 241 0.000000 0.000000 8.000000 2.000000
0.933650 5.0 3 180 0 13 3794721291 183 0.000000 0.000000 8.000000 2.000000
0.933700 5.0 3 176 0 13 3794721301 179 0.000000 0.000000 8.000000 2.000000
