# BinNR microsec tot-time (s)  O-Beam H-beam AUX Ampl(V) f(Hz) phase(deg) chi(pos)
0 0.00 900.00 342 382 1 0.000 5.373 2000.000 0.637
1 25.00 900.00 312 405 0 0.000 5.373 2000.000 0.637
2 50.00 900.00 363 387 1 0.000 5.373 2000.000 0.637
3 75.00 900.00 318 442 2 0.000 5.373 2000.000 0.637
4 100.00 900.00 360 431 2 0.000 5.373 2000.000 0.637
5 125.00 900.00 353 485 4 0.000 5.373 2000.000 0.637
6 150.00 900.00 346 427 4 0.000 5.373 2000.000 0.637
7 175.00 900.00 326 471 2 0.000 5.373 2000.000 0.637
8 200.00 900.00 326 485 3 0.000 5.373 2000.000 0.637
9 225.00 900.00 337 450 1 0.000 5.373 2000.000 0.637
10 250.00 900.00 304 448 0 0.000 5.373 2000.000 0.637
11 275.00 900.00 320 417 3 0.000 5.373 2000.000 0.637
12 300.00 900.00 348 401 3 0.000 5.373 2000.000 0.637
13 325.00 900.00 347 407 2 0.000 5.373 2000.000 0.637
14 350.00 900.00 319 399 1 0.000 5.373 2000.000 0.637
15 375.00 900.00 315 391 1 0.000 5.373 2000.000 0.637
16 400.00 900.00 350 399 1 0.000 5.373 2000.000 0.637
17 425.00 900.00 342 398 1 0.000 5.373 2000.000 0.637
18 450.00 900.00 359 432 3 0.000 5.373 2000.000 0.637
19 475.00 900.00 369 426 1 0.000 5.373 2000.000 0.637
20 500.00 900.00 342 433 2 0.000 5.373 2000.000 0.637
21 525.00 900.00 325 429 1 0.000 5.373 2000.000 0.637
22 550.00 900.00 307 423 1 0.000 5.373 2000.000 0.637
23 575.00 900.00 329 462 2 0.000 5.373 2000.000 0.637
24 600.00 900.00 350 419 0 0.000 5.373 2000.000 0.637
25 625.00 900.00 345 416 2 0.000 5.373 2000.000 0.637
26 650.00 900.00 354 460 2 0.000 5.373 2000.000 0.637
27 675.00 900.00 342 430 2 0.000 5.373 2000.000 0.637
28 700.00 900.00 366 447 0 0.000 5.373 2000.000 0.637
29 725.00 900.00 359 400 4 0.000 5.373 2000.000 0.637
30 750.00 900.00 323 426 0 0.000 5.373 2000.000 0.637
31 775.00 900.00 345 458 1 0.000 5.373 2000.000 0.637
32 800.00 900.00 331 433 3 0.000 5.373 2000.000 0.637
33 825.00 900.00 356 441 2 0.000 5.373 2000.000 0.637
34 850.00 900.00 349 457 1 0.000 5.373 2000.000 0.637
35 875.00 900.00 332 399 3 0.000 5.373 2000.000 0.637
36 900.00 900.00 354 452 0 0.000 5.373 2000.000 0.637
37 925.00 900.00 330 430 1 0.000 5.373 2000.000 0.637
38 950.00 900.00 366 392 4 0.000 5.373 2000.000 0.637
39 975.00 900.00 314 464 2 0.000 5.373 2000.000 0.637
