# BinNR microsec tot-time (s)  O-Beam H-beam AUX Ampl(V) f(Hz) phase(deg) chi(pos)
0 0.00 900.00 338 470 0 0.000 5.373 2000.000 0.780
1 25.00 900.00 337 395 3 0.000 5.373 2000.000 0.780
2 50.00 900.00 351 416 3 0.000 5.373 2000.000 0.780
3 75.00 900.00 363 425 2 0.000 5.373 2000.000 0.780
4 100.00 900.00 365 443 3 0.000 5.373 2000.000 0.780
5 125.00 900.00 334 404 0 0.000 5.373 2000.000 0.780
6 150.00 900.00 342 440 0 0.000 5.373 2000.000 0.780
7 175.00 900.00 332 463 1 0.000 5.373 2000.000 0.780
8 200.00 900.00 323 451 3 0.000 5.373 2000.000 0.780
9 225.00 900.00 369 462 2 0.000 5.373 2000.000 0.780
10 250.00 900.00 337 487 2 0.000 5.373 2000.000 0.780
11 275.00 900.00 327 416 2 0.000 5.373 2000.000 0.780
12 300.00 900.00 313 408 1 0.000 5.373 2000.000 0.780
13 325.00 900.00 348 397 1 0.000 5.373 2000.000 0.780
14 350.00 900.00 339 418 4 0.000 5.373 2000.000 0.780
15 375.00 900.00 301 414 0 0.000 5.373 2000.000 0.780
16 400.00 900.00 332 427 2 0.000 5.373 2000.000 0.780
17 425.00 900.00 314 412 1 0.000 5.373 2000.000 0.780
18 450.00 900.00 323 406 1 0.000 5.373 2000.000 0.780
19 475.00 900.00 343 411 3 0.000 5.373 2000.000 0.780
20 500.00 900.00 346 405 3 0.000 5.373 2000.000 0.780
21 525.00 900.00 358 431 1 0.000 5.373 2000.000 0.780
22 550.00 900.00 342 391 0 0.000 5.373 2000.000 0.780
23 575.00 900.00 365 452 0 0.000 5.373 2000.000 0.780
24 600.00 900.00 357 432 4 0.000 5.373 2000.000 0.780
25 625.00 900.00 368 445 2 0.000 5.373 2000.000 0.780
26 650.00 900.00 362 489 3 0.000 5.373 2000.000 0.780
27 675.00 900.00 319 422 1 0.000 5.373 2000.000 0.780
28 700.00 900.00 349 399 4 0.000 5.373 2000.000 0.780
29 725.00 900.00 310 450 0 0.000 5.373 2000.000 0.780
30 750.00 900.00 335 423 1 0.000 5.373 2000.000 0.780
31 775.00 900.00 316 447 1 0.000 5.373 2000.000 0.780
32 800.00 900.00 334 453 1 0.000 5.373 2000.000 0.780
33 825.00 900.00 328 446 3 0.000 5.373 2000.000 0.780
34 850.00 900.00 343 408 1 0.000 5.373 2000.000 0.780
35 875.00 900.00 324 415 1 0.000 5.373 2000.000 0.780
36 900.00 900.00 350 391 1 0.000 5.373 2000.000 0.780
37 925.00 900.00 341 400 2 0.000 5.373 2000.000 0.780
38 950.00 900.00 354 426 0 0.000 5.373 2000.000 0.780
39 975.00 900.00 357 477 4 0.000 5.373 2000.000 0.780
