# BinNR microsec tot-time (s)  O-Beam H-beam AUX Ampl(V) f(Hz) phase(deg) chi(pos)
0 0.00 1200.00 306 1626 1068 8.430 2000.000 0.000 1.494
1 50.00 1200.00 434 1421 879 8.430 2000.000 0.000 1.494
2 100.00 1200.00 375 1327 691 8.430 2000.000 0.000 1.494
3 150.00 1200.00 413 1355 550 8.430 2000.000 0.000 1.494
4 200.00 1200.00 384 1372 601 8.430 2000.000 0.000 1.494
5 250.00 1200.00 299 1603 770 8.430 2000.000 0.000 1.494
6 300.00 1200.00 271 1831 996 8.430 2000.000 0.000 1.494
7 350.00 1200.00 204 2141 1126 8.430 2000.000 0.000 1.494
8 400.00 1200.00 227 2123 1108 8.430 2000.000 0.000 1.494
9 450.00 1200.00 274 1962 1053 8.430 2000.000 0.000 1.494
10 500.00 1200.00 286 1654 1028 8.430 2000.000 0.000 1.494
11 550.00 1200.00 374 1437 904 8.430 2000.000 0.000 1.494
12 600.00 1200.00 399 1346 685 8.430 2000.000 0.000 1.494
13 650.00 1200.00 402 1385 573 8.430 2000.000 0.000 1.494
14 700.00 1200.00 382 1398 613 8.430 2000.000 0.000 1.494
15 750.00 1200.00 354 1593 725 8.430 2000.000 0.000 1.494
16 800.00 1200.00 249 1951 1007 8.430 2000.000 0.000 1.494
17 850.00 1200.00 228 2087 1066 8.430 2000.000 0.000 1.494
18 900.00 1200.00 217 2145 1165 8.430 2000.000 0.000 1.494
19 950.00 1200.00 244 2005 1141 8.430 2000.000 0.000 1.494
