# BinNR microsec tot-time (s)  O-Beam H-beam AUX Ampl(V) f(Hz) phase(deg) chi(pos)
0 0.00 1200.00 154 2676 239 8.430 2000.000 0.000 0.330
1 50.00 1200.00 122 2866 310 8.430 2000.000 0.000 0.330
2 100.00 1200.00 119 2761 463 8.430 2000.000 0.000 0.330
3 150.00 1200.00 108 2716 542 8.430 2000.000 0.000 0.330
4 200.00 1200.00 126 2844 535 8.430 2000.000 0.000 0.330
5 250.00 1200.00 146 2716 368 8.430 2000.000 0.000 0.330
6 300.00 1200.00 185 2507 267 8.430 2000.000 0.000 0.330
7 350.00 1200.00 232 2362 267 8.430 2000.000 0.000 0.330
8 400.00 1200.00 243 2385 244 8.430 2000.000 0.000 0.330
9 450.00 1200.00 184 2445 266 8.430 2000.000 0.000 0.330
10 500.00 1200.00 164 2687 242 8.430 2000.000 0.000 0.330
11 550.00 1200.00 116 2724 344 8.430 2000.000 0.000 0.330
12 600.00 1200.00 145 2812 444 8.430 2000.000 0.000 0.330
13 650.00 1200.00 123 2784 536 8.430 2000.000 0.000 0.330
14 700.00 1200.00 122 2851 536 8.430 2000.000 0.000 0.330
15 750.00 1200.00 155 2809 375 8.430 2000.000 0.000 0.330
16 800.00 1200.00 202 2506 250 8.430 2000.000 0.000 0.330
17 850.00 1200.00 226 2479 251 8.430 2000.000 0.000 0.330
18 900.00 1200.00 244 2344 274 8.430 2000.000 0.000 0.330
19 950.00 1200.00 210 2554 262 8.430 2000.000 0.000 0.330
