# BinNR ps_pos tot-time (s)  O-Beam H-Beam AUX Amplitude(func. gen.)
-2.098389 20.0 1159 7075 7 2231 3794770989 8234 0.000000 0.000000 4.000000 3.500000
-1.889648 20.0 1346 6632 5 2473 3794771015 7978 0.000000 0.000000 4.000000 3.500000
-1.691895 20.0 1342 6619 1 2605 3794771041 7961 0.000000 0.000000 4.000000 3.500000
-1.472168 20.0 1399 6450 2 2510 3794771067 7849 0.000000 0.000000 4.000000 3.500000
-1.274414 20.0 1333 6449 3 2477 3794771093 7782 0.000000 0.000000 4.000000 3.500000
-1.054688 20.0 1256 6878 6 2334 3794771120 8134 0.000000 0.000000 4.000000 3.500000
-0.823975 20.0 1235 7123 3 2097 3794771146 8358 0.000000 0.000000 4.000000 3.500000
-0.626221 20.0 1090 7300 7 2082 3794771172 8390 0.000000 0.000000 4.000000 3.500000
-0.417480 20.0 1095 7364 5 2060 3794771199 8459 0.000000 0.000000 4.000000 3.500000
-0.208740 20.0 1111 7370 4 2113 3794771225 8481 0.000000 0.000000 4.000000 3.500000
0.000000 20.0 1216 6896 4 2261 3794771251 8112 0.000000 0.000000 4.000000 3.500000
0.208740 20.0 1301 6789 7 2413 3794771277 8090 0.000000 0.000000 4.000000 3.500000
0.406494 20.0 1346 6388 2 2524 3794771304 7734 0.000000 0.000000 4.000000 3.500000
0.615234 20.0 1404 6492 6 2586 3794771330 7896 0.000000 0.000000 4.000000 3.500000
0.845947 20.0 1304 6741 2 2518 3794771356 8045 0.000000 0.000000 4.000000 3.500000
1.065674 20.0 1266 7163 4 2307 3794771383 8429 0.000000 0.000000 4.000000 3.500000
1.263428 20.0 1183 7149 2 2114 3794771409 8332 0.000000 0.000000 4.000000 3.500000
1.472168 20.0 1135 7191 5 2061 3794771435 8326 0.000000 0.000000 4.000000 3.500000
1.669922 20.0 1162 7304 6 2118 3794771461 8466 0.000000 0.000000 4.000000 3.500000
1.889648 20.0 1192 7060 8 2122 3794771488 8252 0.000000 0.000000 4.000000 3.500000
2.087402 20.0 1233 6934 2 2380 3794771514 8167 0.000000 0.000000 4.000000 3.500000
2.296143 20.0 1308 6618 9 2401 3794771540 7926 0.000000 0.000000 4.000000 3.500000
