# BinNR ps_pos tot-time (s)  O-Beam H-Beam AUX Amplitude(func. gen.)
-2.109375 20.0 1751 5548 4 3198 3794758680 7299 0.000000 0.000000 2.000000 0.500000
-1.900635 20.0 1466 6436 2 2742 3794758706 7902 0.000000 0.000000 2.000000 0.500000
-1.680908 20.0 988 7503 1 1917 3794758732 8491 0.000000 0.000000 2.000000 0.500000
-1.483154 20.0 675 8713 3 1269 3794758758 9388 0.000000 0.000000 2.000000 0.500000
-1.263428 20.0 629 8743 6 1149 3794758785 9372 0.000000 0.000000 2.000000 0.500000
-1.065674 20.0 700 8336 5 1351 3794758811 9036 0.000000 0.000000 2.000000 0.500000
-0.845947 20.0 1032 7456 5 1993 3794758837 8488 0.000000 0.000000 2.000000 0.500000
-0.626221 20.0 1464 6077 8 2888 3794758863 7541 0.000000 0.000000 2.000000 0.500000
-0.417480 20.0 1814 5239 6 3390 3794758889 7053 0.000000 0.000000 2.000000 0.500000
-0.219727 20.0 1842 4924 2 3488 3794758916 6766 0.000000 0.000000 2.000000 0.500000
0.000000 20.0 1680 5485 2 3309 3794758942 7165 0.000000 0.000000 2.000000 0.500000
0.208740 20.0 1326 6894 1 2361 3794758968 8220 0.000000 0.000000 2.000000 0.500000
0.406494 20.0 938 7866 1 1645 3794758994 8804 0.000000 0.000000 2.000000 0.500000
0.615234 20.0 689 8537 1 1186 3794759020 9226 0.000000 0.000000 2.000000 0.500000
0.823975 20.0 576 8787 2 1040 3794759047 9363 0.000000 0.000000 2.000000 0.500000
1.054688 20.0 799 8266 4 1524 3794759073 9065 0.000000 0.000000 2.000000 0.500000
1.252441 20.0 1203 7167 2 2262 3794759099 8370 0.000000 0.000000 2.000000 0.500000
1.472168 20.0 1654 5739 5 2981 3794759125 7393 0.000000 0.000000 2.000000 0.500000
1.680908 20.0 1797 5273 6 3506 3794759151 7070 0.000000 0.000000 2.000000 0.500000
1.889648 20.0 1914 4900 1 3644 3794759178 6814 0.000000 0.000000 2.000000 0.500000
2.087402 20.0 1650 5766 6 2938 3794759204 7416 0.000000 0.000000 2.000000 0.500000
2.296143 20.0 1301 6955 2 2363 3794759230 8256 0.000000 0.000000 2.000000 0.500000
