# BinNR ps_pos tot-time (s)  O-Beam H-Beam AUX Amplitude(func. gen.)
-2.098389 20.0 1394 5549 4 2664 3794778032 6943 0.000000 0.000000 8.000000 3.000000
-1.900635 20.0 1425 5549 6 2708 3794778058 6974 0.000000 0.000000 8.000000 3.000000
-1.691895 20.0 1325 5732 1 2476 3794778085 7057 0.000000 0.000000 8.000000 3.000000
-1.483154 20.0 1152 6370 3 2176 3794778111 7522 0.000000 0.000000 8.000000 3.000000
-1.252441 20.0 954 6938 2 1806 3794778137 7892 0.000000 0.000000 8.000000 3.000000
-1.054688 20.0 819 7343 3 1586 3794778163 8162 0.000000 0.000000 8.000000 3.000000
-0.834961 20.0 875 7305 2 1544 3794778190 8180 0.000000 0.000000 8.000000 3.000000
-0.615234 20.0 961 6932 2 1801 3794778216 7893 0.000000 0.000000 8.000000 3.000000
-0.406494 20.0 1164 6417 7 2115 3794778242 7581 0.000000 0.000000 8.000000 3.000000
-0.208740 20.0 1291 5927 3 2402 3794778268 7218 0.000000 0.000000 8.000000 3.000000
0.000000 20.0 1444 5641 1 2693 3794778295 7085 0.000000 0.000000 8.000000 3.000000
0.197754 20.0 1442 5628 5 2658 3794778321 7070 0.000000 0.000000 8.000000 3.000000
0.417480 20.0 1338 6027 5 2464 3794778347 7365 0.000000 0.000000 8.000000 3.000000
0.626221 20.0 1146 6411 5 2096 3794778374 7557 0.000000 0.000000 8.000000 3.000000
0.834961 20.0 892 6908 6 1754 3794778400 7800 0.000000 0.000000 8.000000 3.000000
1.043701 20.0 771 7281 2 1562 3794778426 8052 0.000000 0.000000 8.000000 3.000000
1.263428 20.0 860 7378 3 1515 3794778453 8238 0.000000 0.000000 8.000000 3.000000
1.472168 20.0 968 6822 5 1726 3794778479 7790 0.000000 0.000000 8.000000 3.000000
1.669922 20.0 1106 6385 2 2098 3794778505 7491 0.000000 0.000000 8.000000 3.000000
1.889648 20.0 1268 5913 2 2407 3794778531 7181 0.000000 0.000000 8.000000 3.000000
2.087402 20.0 1311 5803 3 2557 3794778558 7114 0.000000 0.000000 8.000000 3.000000
2.296143 20.0 1406 5579 6 2521 3794778584 6985 0.000000 0.000000 8.000000 3.000000
