# BinNR ps_pos tot-time (s)  O-Beam H-Beam AUX Amplitude(func. gen.)
-2.109375 20.0 1181 6016 5 2244 3794777445 7197 0.000000 0.000000 6.000000 4.000000
-1.900635 20.0 1225 6188 3 2216 3794777471 7413 0.000000 0.000000 6.000000 4.000000
-1.680908 20.0 1201 6264 5 2089 3794777497 7465 0.000000 0.000000 6.000000 4.000000
-1.483154 20.0 1138 6302 4 2140 3794777523 7440 0.000000 0.000000 6.000000 4.000000
-1.274414 20.0 1102 6716 6 1962 3794777550 7818 0.000000 0.000000 6.000000 4.000000
-1.054688 20.0 1044 6783 5 1902 3794777576 7827 0.000000 0.000000 6.000000 4.000000
-0.834961 20.0 1033 6686 4 1973 3794777602 7719 0.000000 0.000000 6.000000 4.000000
-0.637207 20.0 1120 6539 3 1939 3794777629 7659 0.000000 0.000000 6.000000 4.000000
-0.417480 20.0 1170 6493 7 2108 3794777655 7663 0.000000 0.000000 6.000000 4.000000
-0.208740 20.0 1183 6335 3 2292 3794777681 7518 0.000000 0.000000 6.000000 4.000000
-0.010986 20.0 1172 6201 5 2271 3794777708 7373 0.000000 0.000000 6.000000 4.000000
0.208740 20.0 1162 6213 5 2213 3794777734 7375 0.000000 0.000000 6.000000 4.000000
0.406494 20.0 1087 6249 2 2124 3794777760 7336 0.000000 0.000000 6.000000 4.000000
0.626221 20.0 1126 6383 4 2065 3794777786 7509 0.000000 0.000000 6.000000 4.000000
0.834961 20.0 1055 6539 6 1984 3794777813 7594 0.000000 0.000000 6.000000 4.000000
1.043701 20.0 1062 6570 1 1939 3794777839 7632 0.000000 0.000000 6.000000 4.000000
1.263428 20.0 1079 6545 1 1930 3794777865 7624 0.000000 0.000000 6.000000 4.000000
1.472168 20.0 1155 6352 3 1958 3794777891 7507 0.000000 0.000000 6.000000 4.000000
1.680908 20.0 1142 6514 4 2120 3794777918 7656 0.000000 0.000000 6.000000 4.000000
1.878662 20.0 1173 6233 3 2138 3794777944 7406 0.000000 0.000000 6.000000 4.000000
2.087402 20.0 1168 6203 7 2229 3794777970 7371 0.000000 0.000000 6.000000 4.000000
2.318115 20.0 1201 6297 6 2128 3794777997 7498 0.000000 0.000000 6.000000 4.000000
