# BinNR ps_pos tot-time (s)  O-Beam H-Beam AUX Amplitude(func. gen.)
-2.098389 20.0 890 7445 6 1810 3794598791 8335 0.000000 0.000000 1.500000
-1.900635 20.0 730 8388 9 1249 3794598817 9118 0.000000 0.000000 1.500000
-1.691895 20.0 564 8838 3 1119 3794598843 9402 0.000000 0.000000 1.500000
-1.472168 20.0 731 8448 2 1238 3794598869 9179 0.000000 0.000000 1.500000
-1.263428 20.0 1083 7267 1 2057 3794598896 8350 0.000000 0.000000 1.500000
-1.054688 20.0 1543 5821 7 2868 3794598922 7364 0.000000 0.000000 1.500000
-0.845947 20.0 1768 5161 2 3270 3794598948 6929 0.000000 0.000000 1.500000
-0.626221 20.0 1922 4839 3 3438 3794598974 6761 0.000000 0.000000 1.500000
-0.406494 20.0 1799 5109 6 3273 3794599001 6908 0.000000 0.000000 1.500000
-0.208740 20.0 1349 6505 3 2492 3794599027 7854 0.000000 0.000000 1.500000
0.000000 20.0 938 7836 2 1589 3794599053 8774 0.000000 0.000000 1.500000
0.197754 20.0 510 9066 6 1017 3794599079 9576 0.000000 0.000000 1.500000
0.417480 20.0 604 8676 3 1088 3794599105 9280 0.000000 0.000000 1.500000
0.637207 20.0 860 7870 0 1629 3794599132 8730 0.000000 0.000000 1.500000
0.845947 20.0 1043 7388 9 2024 3794599158 8431 0.000000 0.000000 1.500000
1.054688 20.0 1538 5696 1 2989 3794599184 7234 0.000000 0.000000 1.500000
1.274414 20.0 1955 4790 2 3652 3794599211 6745 0.000000 0.000000 1.500000
1.472168 20.0 2005 4511 4 3725 3794599237 6516 0.000000 0.000000 1.500000
1.669922 20.0 1844 4810 4 3394 3794599263 6654 0.000000 0.000000 1.500000
1.889648 20.0 1478 6223 5 2610 3794599289 7701 0.000000 0.000000 1.500000
2.098389 20.0 979 7813 7 1710 3794599316 8792 0.000000 0.000000 1.500000
2.307129 20.0 616 8644 3 1055 3794599342 9260 0.000000 0.000000 1.500000
