# BinNR ps_pos tot-time (s)  O-Beam H-Beam AUX Amplitude(func. gen.)
0.930760 5.0 5 206 2 15 3794614305 211 0.000000 0.000000 4.750000
0.930820 5.0 5 221 0 9 3794614316 226 0.000000 0.000000 4.750000
0.930860 5.0 5 230 1 19 3794614326 235 0.000000 0.000000 4.750000
0.930900 5.0 8 278 0 12 3794614338 286 0.000000 0.000000 4.750000
0.930960 5.0 25 324 0 25 3794614348 349 0.000000 0.000000 4.750000
0.931000 5.0 25 340 2 36 3794614359 365 0.000000 0.000000 4.750000
0.931050 5.0 46 499 0 62 3794614370 545 0.000000 0.000000 4.750000
0.931100 5.0 66 549 1 116 3794614381 615 0.000000 0.000000 4.750000
0.931150 5.0 106 686 0 156 3794614392 792 0.000000 0.000000 4.750000
0.931210 5.0 173 758 0 280 3794614403 931 0.000000 0.000000 4.750000
0.931250 5.0 240 1010 0 329 3794614414 1250 0.000000 0.000000 4.750000
0.931300 5.0 244 1272 1 475 3794614425 1516 0.000000 0.000000 4.750000
0.931360 5.0 276 1569 0 543 3794614436 1845 0.000000 0.000000 4.750000
0.931400 5.0 332 1670 4 587 3794614447 2002 0.000000 0.000000 4.750000
0.931450 5.0 364 1588 1 639 3794614458 1952 0.000000 0.000000 4.750000
0.931500 5.0 333 1504 0 622 3794614469 1837 0.000000 0.000000 4.750000
0.931550 5.0 291 1487 2 575 3794614480 1778 0.000000 0.000000 4.750000
0.931600 5.0 246 1204 1 481 3794614491 1450 0.000000 0.000000 4.750000
0.931640 5.0 187 925 0 341 3794614503 1112 0.000000 0.000000 4.750000
0.931710 5.0 134 760 1 236 3794614514 894 0.000000 0.000000 4.750000
0.931750 5.0 92 651 0 161 3794614525 743 0.000000 0.000000 4.750000
0.931820 5.0 87 561 0 104 3794614536 648 0.000000 0.000000 4.750000
0.931850 5.0 53 611 0 77 3794614547 664 0.000000 0.000000 4.750000
0.931910 5.0 37 493 0 55 3794614558 530 0.000000 0.000000 4.750000
0.931970 5.0 25 388 2 30 3794614568 413 0.000000 0.000000 4.750000
0.932010 5.0 9 350 2 17 3794614579 359 0.000000 0.000000 4.750000
0.932050 5.0 19 360 1 28 3794614590 379 0.000000 0.000000 4.750000
0.932100 5.0 15 339 3 16 3794614601 354 0.000000 0.000000 4.750000
0.932160 5.0 14 351 0 30 3794614612 365 0.000000 0.000000 4.750000
0.932210 5.0 21 417 2 31 3794614623 438 0.000000 0.000000 4.750000
0.932260 5.0 27 424 1 30 3794614634 451 0.000000 0.000000 4.750000
0.932300 5.0 16 370 0 18 3794614645 386 0.000000 0.000000 4.750000
0.932350 5.0 18 363 2 26 3794614656 381 0.000000 0.000000 4.750000
0.932400 5.0 21 395 0 24 3794614667 416 0.000000 0.000000 4.750000
0.932450 5.0 37 425 1 48 3794614678 462 0.000000 0.000000 4.750000
0.932500 5.0 35 517 2 61 3794614689 552 0.000000 0.000000 4.750000
0.932560 5.0 72 587 0 114 3794614700 659 0.000000 0.000000 4.750000
0.932610 5.0 98 671 2 151 3794614711 769 0.000000 0.000000 4.750000
0.932660 5.0 156 825 2 260 3794614721 981 0.000000 0.000000 4.750000
0.932700 5.0 189 980 3 308 3794614733 1169 0.000000 0.000000 4.750000
0.932750 5.0 241 1258 1 479 3794614744 1499 0.000000 0.000000 4.750000
0.932810 5.0 306 1545 2 571 3794614754 1851 0.000000 0.000000 4.750000
0.932850 5.0 303 1549 0 608 3794614765 1852 0.000000 0.000000 4.750000
0.932910 5.0 334 1626 1 583 3794614776 1960 0.000000 0.000000 4.750000
0.932960 5.0 334 1533 3 588 3794614787 1867 0.000000 0.000000 4.750000
0.933000 5.0 280 1445 0 554 3794614798 1725 0.000000 0.000000 4.750000
0.933050 5.0 259 1203 0 435 3794614808 1462 0.000000 0.000000 4.750000
0.933110 5.0 234 913 1 367 3794614819 1147 0.000000 0.000000 4.750000
0.933150 5.0 142 727 2 216 3794614830 869 0.000000 0.000000 4.750000
0.933210 5.0 90 554 0 122 3794614841 644 0.000000 0.000000 4.750000
0.933260 5.0 67 517 0 92 3794614852 584 0.000000 0.000000 4.750000
0.933310 5.0 40 408 0 58 3794614863 448 0.000000 0.000000 4.750000
0.933360 5.0 23 362 2 30 3794614874 385 0.000000 0.000000 4.750000
0.933400 5.0 28 297 0 21 3794614884 325 0.000000 0.000000 4.750000
0.933460 5.0 17 268 3 18 3794614895 285 0.000000 0.000000 4.750000
0.933500 5.0 10 259 0 15 3794614906 269 0.000000 0.000000 4.750000
0.933550 5.0 8 209 0 14 3794614917 217 0.000000 0.000000 4.750000
0.933610 5.0 4 157 0 10 3794614928 161 0.000000 0.000000 4.750000
0.933650 5.0 1 149 0 13 3794614939 150 0.000000 0.000000 4.750000
0.933700 5.0 5 162 0 8 3794614950 167 0.000000 0.000000 4.750000
