# BinNR ps_pos tot-time (s)  O-Beam H-Beam AUX Amplitude(func. gen.)
-2.098389 20.0 1154 7354 3 2032 3794600031 8508 0.000000 0.000000 1.750000
-1.900635 20.0 693 8531 4 1382 3794600058 9224 0.000000 0.000000 1.750000
-1.680908 20.0 652 8509 2 1245 3794600084 9161 0.000000 0.000000 1.750000
-1.472168 20.0 603 8804 4 1101 3794600110 9407 0.000000 0.000000 1.750000
-1.252441 20.0 1123 7273 6 2036 3794600137 8396 0.000000 0.000000 1.750000
-1.054688 20.0 1520 5966 6 2768 3794600163 7486 0.000000 0.000000 1.750000
-0.834961 20.0 1926 4944 3 3575 3794600189 6870 0.000000 0.000000 1.750000
-0.637207 20.0 1892 4864 4 3549 3794600215 6756 0.000000 0.000000 1.750000
-0.417480 20.0 1760 5168 5 3280 3794600242 6928 0.000000 0.000000 1.750000
-0.197754 20.0 1392 6408 6 2521 3794600268 7800 0.000000 0.000000 1.750000
0.010986 20.0 1000 7504 7 1906 3794600294 8504 0.000000 0.000000 1.750000
0.208740 20.0 661 8540 4 1310 3794600320 9201 0.000000 0.000000 1.750000
0.417480 20.0 649 8523 4 1149 3794600347 9172 0.000000 0.000000 1.750000
0.626221 20.0 814 8055 5 1497 3794600373 8869 0.000000 0.000000 1.750000
0.834961 20.0 1101 6982 5 2286 3794600399 8083 0.000000 0.000000 1.750000
1.043701 20.0 1455 5744 4 2735 3794600425 7199 0.000000 0.000000 1.750000
1.263428 20.0 1689 5397 4 3390 3794600452 7086 0.000000 0.000000 1.750000
1.461182 20.0 1857 4985 7 3596 3794600478 6842 0.000000 0.000000 1.750000
1.691895 20.0 1659 5629 3 3156 3794600504 7288 0.000000 0.000000 1.750000
1.878662 20.0 1307 6439 4 2472 3794600530 7746 0.000000 0.000000 1.750000
2.076416 20.0 815 7973 6 1521 3794600556 8788 0.000000 0.000000 1.750000
2.296143 20.0 538 8774 6 1133 3794600583 9312 0.000000 0.000000 1.750000
