# BinNR microsec tot-time (s)  O-Beam H-beam AUX Ampl(V) f(Hz) phase(deg) chi(pos)
0 0.00 1200.00 431 1480 1147 2.010 2000.000 0.000 1.505
1 50.00 1200.00 383 1565 1146 2.010 2000.000 0.000 1.505
2 100.00 1200.00 413 1598 1168 2.010 2000.000 0.000 1.505
3 150.00 1200.00 401 1580 1239 2.010 2000.000 0.000 1.505
4 200.00 1200.00 401 1615 1167 2.010 2000.000 0.000 1.505
5 250.00 1200.00 417 1539 1141 2.010 2000.000 0.000 1.505
6 300.00 1200.00 423 1565 1127 2.010 2000.000 0.000 1.505
7 350.00 1200.00 434 1400 1112 2.010 2000.000 0.000 1.505
8 400.00 1200.00 412 1466 1086 2.010 2000.000 0.000 1.505
9 450.00 1200.00 433 1478 1110 2.010 2000.000 0.000 1.505
10 500.00 1200.00 403 1528 1087 2.010 2000.000 0.000 1.505
11 550.00 1200.00 404 1582 1120 2.010 2000.000 0.000 1.505
12 600.00 1200.00 398 1601 1176 2.010 2000.000 0.000 1.505
13 650.00 1200.00 347 1607 1185 2.010 2000.000 0.000 1.505
14 700.00 1200.00 391 1595 1218 2.010 2000.000 0.000 1.505
15 750.00 1200.00 419 1580 1142 2.010 2000.000 0.000 1.505
16 800.00 1200.00 422 1472 1232 2.010 2000.000 0.000 1.505
17 850.00 1200.00 440 1491 1114 2.010 2000.000 0.000 1.505
18 900.00 1200.00 463 1431 1095 2.010 2000.000 0.000 1.505
19 950.00 1200.00 431 1535 1068 2.010 2000.000 0.000 1.505
