# BinNR microsec tot-time (s)  O-Beam H-beam AUX Ampl(V) f(Hz) phase(deg) chi(pos)
0 0.00 1200.00 171 2681 358 2.010 2000.000 0.000 0.000
1 50.00 1200.00 166 2632 376 2.010 2000.000 0.000 0.000
2 100.00 1200.00 156 2839 426 2.010 2000.000 0.000 0.000
3 150.00 1200.00 175 2746 475 2.010 2000.000 0.000 0.000
4 200.00 1200.00 165 2790 462 2.010 2000.000 0.000 0.000
5 250.00 1200.00 167 2745 419 2.010 2000.000 0.000 0.000
6 300.00 1200.00 181 2694 359 2.010 2000.000 0.000 0.000
7 350.00 1200.00 194 2586 355 2.010 2000.000 0.000 0.000
8 400.00 1200.00 206 2587 309 2.010 2000.000 0.000 0.000
9 450.00 1200.00 195 2605 315 2.010 2000.000 0.000 0.000
10 500.00 1200.00 169 2637 356 2.010 2000.000 0.000 0.000
11 550.00 1200.00 154 2796 397 2.010 2000.000 0.000 0.000
12 600.00 1200.00 151 2787 419 2.010 2000.000 0.000 0.000
13 650.00 1200.00 143 2819 514 2.010 2000.000 0.000 0.000
14 700.00 1200.00 157 2688 511 2.010 2000.000 0.000 0.000
15 750.00 1200.00 179 2638 463 2.010 2000.000 0.000 0.000
16 800.00 1200.00 199 2680 405 2.010 2000.000 0.000 0.000
17 850.00 1200.00 207 2560 334 2.010 2000.000 0.000 0.000
18 900.00 1200.00 182 2545 335 2.010 2000.000 0.000 0.000
19 950.00 1200.00 190 2582 334 2.010 2000.000 0.000 0.000
