# BinNR ps_pos tot-time (s)  O-Beam H-Beam AUX Amplitude(func. gen.)
0.930750 5.0 10 177 8 0 3794517520 187 0.000000 0.000000 23.700000
0.930800 5.0 17 211 6 1 3794517531 228 0.000000 0.000000 23.700000
0.930850 5.0 17 233 3 0 3794517542 250 0.000000 0.000000 23.700000
0.930900 5.0 28 274 6 2 3794517553 302 0.000000 0.000000 23.700000
0.930960 5.0 49 369 12 3 3794517564 418 0.000000 0.000000 23.700000
0.931020 5.0 66 416 6 0 3794517575 482 0.000000 0.000000 23.700000
0.931050 5.0 105 491 8 1 3794517586 596 0.000000 0.000000 23.700000
0.931120 5.0 196 561 9 1 3794517597 757 0.000000 0.000000 23.700000
0.931160 5.0 227 676 7 0 3794517608 903 0.000000 0.000000 23.700000
0.931210 5.0 375 882 1 0 3794517619 1257 0.000000 0.000000 23.700000
0.931260 5.0 531 1076 11 1 3794517630 1607 0.000000 0.000000 23.700000
0.931300 5.0 562 1357 6 2 3794517641 1919 0.000000 0.000000 23.700000
0.931370 5.0 730 1652 10 0 3794517652 2382 0.000000 0.000000 23.700000
0.931400 5.0 830 1743 6 0 3794517662 2573 0.000000 0.000000 23.700000
0.931450 5.0 845 1768 6 1 3794517673 2613 0.000000 0.000000 23.700000
0.931510 5.0 778 1751 6 0 3794517685 2529 0.000000 0.000000 23.700000
0.931550 5.0 672 1487 12 3 3794517696 2159 0.000000 0.000000 23.700000
0.931600 5.0 577 1296 4 1 3794517707 1873 0.000000 0.000000 23.700000
0.931650 5.0 411 929 8 0 3794517718 1340 0.000000 0.000000 23.700000
0.931700 5.0 324 806 9 0 3794517730 1130 0.000000 0.000000 23.700000
0.931760 5.0 164 642 8 1 3794517741 806 0.000000 0.000000 23.700000
0.931800 5.0 169 574 13 0 3794517752 743 0.000000 0.000000 23.700000
0.931870 5.0 152 534 7 0 3794517763 686 0.000000 0.000000 23.700000
0.931910 5.0 79 440 6 0 3794517774 519 0.000000 0.000000 23.700000
0.931950 5.0 47 386 8 0 3794517785 433 0.000000 0.000000 23.700000
0.932000 5.0 15 367 4 1 3794517796 382 0.000000 0.000000 23.700000
0.932050 5.0 23 332 8 0 3794517807 355 0.000000 0.000000 23.700000
0.932110 5.0 26 363 6 0 3794517818 389 0.000000 0.000000 23.700000
0.932150 5.0 39 345 5 0 3794517829 384 0.000000 0.000000 23.700000
0.932210 5.0 71 356 10 0 3794517840 427 0.000000 0.000000 23.700000
0.932250 5.0 63 394 7 0 3794517850 457 0.000000 0.000000 23.700000
0.932300 5.0 49 341 4 1 3794517862 390 0.000000 0.000000 23.700000
0.932350 5.0 43 379 7 0 3794517872 422 0.000000 0.000000 23.700000
0.932400 5.0 67 383 7 3 3794517883 450 0.000000 0.000000 23.700000
0.932450 5.0 68 491 8 0 3794517894 559 0.000000 0.000000 23.700000
0.932500 5.0 121 563 5 1 3794517905 684 0.000000 0.000000 23.700000
0.932550 5.0 174 612 6 1 3794517916 786 0.000000 0.000000 23.700000
0.932610 5.0 298 774 3 2 3794517927 1072 0.000000 0.000000 23.700000
0.932650 5.0 344 857 9 0 3794517938 1201 0.000000 0.000000 23.700000
0.932710 5.0 491 1141 9 1 3794517949 1632 0.000000 0.000000 23.700000
0.932750 5.0 658 1529 4 1 3794517960 2187 0.000000 0.000000 23.700000
0.932800 5.0 709 1638 7 2 3794517970 2347 0.000000 0.000000 23.700000
0.932850 5.0 756 1788 5 1 3794517982 2544 0.000000 0.000000 23.700000
0.932900 5.0 797 1747 6 1 3794517993 2544 0.000000 0.000000 23.700000
0.932960 5.0 793 1676 3 2 3794518004 2469 0.000000 0.000000 23.700000
0.933000 5.0 698 1576 9 0 3794518015 2274 0.000000 0.000000 23.700000
0.933060 5.0 579 1098 7 1 3794518026 1677 0.000000 0.000000 23.700000
0.933100 5.0 451 923 4 1 3794518037 1374 0.000000 0.000000 23.700000
0.933150 5.0 346 701 12 0 3794518047 1047 0.000000 0.000000 23.700000
0.933200 5.0 201 517 7 3 3794518058 718 0.000000 0.000000 23.700000
0.933250 5.0 173 513 11 1 3794518070 686 0.000000 0.000000 23.700000
0.933310 5.0 68 398 5 2 3794518080 466 0.000000 0.000000 23.700000
0.933350 5.0 54 362 8 2 3794518091 416 0.000000 0.000000 23.700000
0.933400 5.0 33 295 8 0 3794518102 328 0.000000 0.000000 23.700000
0.933450 5.0 21 255 5 2 3794518113 276 0.000000 0.000000 23.700000
0.933500 5.0 16 225 4 2 3794518124 241 0.000000 0.000000 23.700000
0.933550 5.0 12 222 5 0 3794518135 234 0.000000 0.000000 23.700000
0.933600 5.0 9 171 13 0 3794518146 180 0.000000 0.000000 23.700000
0.933650 5.0 4 141 6 1 3794518157 145 0.000000 0.000000 23.700000
0.933700 5.0 10 129 9 2 3794518168 139 0.000000 0.000000 23.700000
