# BinNR microsec tot-time (s)  O-Beam H-beam AUX Ampl(V) f(Hz) phase(deg) chi(pos)
0 0.00 1200.00 143 2994 1287 6.850 2000.000 0.000 0.637
1 50.00 1200.00 368 2129 641 6.850 2000.000 0.000 0.637
2 100.00 1200.00 483 1409 356 6.850 2000.000 0.000 0.637
3 150.00 1200.00 419 1634 990 6.850 2000.000 0.000 0.637
4 200.00 1200.00 477 1498 1098 6.850 2000.000 0.000 0.637
5 250.00 1200.00 343 1921 584 6.850 2000.000 0.000 0.637
6 300.00 1200.00 142 3058 348 6.850 2000.000 0.000 0.637
7 350.00 1200.00 311 2354 1038 6.850 2000.000 0.000 0.637
8 400.00 1200.00 422 1772 1248 6.850 2000.000 0.000 0.637
9 450.00 1200.00 310 2173 1227 6.850 2000.000 0.000 0.637
10 500.00 1200.00 146 2956 1337 6.850 2000.000 0.000 0.637
11 550.00 1200.00 367 2215 575 6.850 2000.000 0.000 0.637
12 600.00 1200.00 473 1404 361 6.850 2000.000 0.000 0.637
13 650.00 1200.00 410 1682 1024 6.850 2000.000 0.000 0.637
14 700.00 1200.00 465 1486 1074 6.850 2000.000 0.000 0.637
15 750.00 1200.00 338 1913 594 6.850 2000.000 0.000 0.637
16 800.00 1200.00 152 3009 333 6.850 2000.000 0.000 0.637
17 850.00 1200.00 281 2358 1144 6.850 2000.000 0.000 0.637
18 900.00 1200.00 370 1729 1286 6.850 2000.000 0.000 0.637
19 950.00 1200.00 311 2196 1210 6.850 2000.000 0.000 0.637
