# BinNR microsec tot-time (s)  O-Beam H-beam AUX Ampl(V) f(Hz) phase(deg) chi(pos)
0 0.00 1200.00 251 2747 1142 6.850 2000.000 0.000 -1.088
1 50.00 1200.00 465 1544 1138 6.850 2000.000 0.000 -1.088
2 100.00 1200.00 336 1941 327 6.850 2000.000 0.000 -1.088
3 150.00 1200.00 213 2535 436 6.850 2000.000 0.000 -1.088
4 200.00 1200.00 364 2095 463 6.850 2000.000 0.000 -1.088
5 250.00 1200.00 473 1449 252 6.850 2000.000 0.000 -1.088
6 300.00 1200.00 210 2560 845 6.850 2000.000 0.000 -1.088
7 350.00 1200.00 134 2978 1282 6.850 2000.000 0.000 -1.088
8 400.00 1200.00 231 2626 758 6.850 2000.000 0.000 -1.088
9 450.00 1200.00 148 2903 656 6.850 2000.000 0.000 -1.088
10 500.00 1200.00 212 2621 1131 6.850 2000.000 0.000 -1.088
11 550.00 1200.00 435 1573 1066 6.850 2000.000 0.000 -1.088
12 600.00 1200.00 324 1946 351 6.850 2000.000 0.000 -1.088
13 650.00 1200.00 230 2537 448 6.850 2000.000 0.000 -1.088
14 700.00 1200.00 354 2111 563 6.850 2000.000 0.000 -1.088
15 750.00 1200.00 463 1513 257 6.850 2000.000 0.000 -1.088
16 800.00 1200.00 223 2554 793 6.850 2000.000 0.000 -1.088
17 850.00 1200.00 153 3024 1231 6.850 2000.000 0.000 -1.088
18 900.00 1200.00 202 2653 722 6.850 2000.000 0.000 -1.088
19 950.00 1200.00 151 2927 660 6.850 2000.000 0.000 -1.088
