# BinNR microsec tot-time (s)  O-Beam H-beam AUX Ampl1(V) f1(Hz) phase1(deg) Ampl1(V) f1(Hz) phase1(deg) chi(pos)
0 0.00 1200.00 148 614 388 4.120 2000.000 0.000 4.120 3000.000 0.000 -0.374
1 16.67 1200.00 143 663 370 4.120 2000.000 0.000 4.120 3000.000 0.000 -0.374
2 33.33 1200.00 150 696 395 4.120 2000.000 0.000 4.120 3000.000 0.000 -0.374
3 50.00 1200.00 149 738 364 4.120 2000.000 0.000 4.120 3000.000 0.000 -0.374
4 66.67 1200.00 137 773 367 4.120 2000.000 0.000 4.120 3000.000 0.000 -0.374
5 83.33 1200.00 145 710 380 4.120 2000.000 0.000 4.120 3000.000 0.000 -0.374
6 100.00 1200.00 156 725 337 4.120 2000.000 0.000 4.120 3000.000 0.000 -0.374
7 116.67 1200.00 125 681 361 4.120 2000.000 0.000 4.120 3000.000 0.000 -0.374
8 133.33 1200.00 127 712 331 4.120 2000.000 0.000 4.120 3000.000 0.000 -0.374
9 150.00 1200.00 120 725 368 4.120 2000.000 0.000 4.120 3000.000 0.000 -0.374
10 166.67 1200.00 118 644 324 4.120 2000.000 0.000 4.120 3000.000 0.000 -0.374
11 183.33 1200.00 102 632 357 4.120 2000.000 0.000 4.120 3000.000 0.000 -0.374
12 200.00 1200.00 101 595 365 4.120 2000.000 0.000 4.120 3000.000 0.000 -0.374
13 216.67 1200.00 89 604 347 4.120 2000.000 0.000 4.120 3000.000 0.000 -0.374
14 233.33 1200.00 85 549 377 4.120 2000.000 0.000 4.120 3000.000 0.000 -0.374
15 250.00 1200.00 107 530 370 4.120 2000.000 0.000 4.120 3000.000 0.000 -0.374
16 266.67 1200.00 121 525 397 4.120 2000.000 0.000 4.120 3000.000 0.000 -0.374
17 283.33 1200.00 118 532 422 4.120 2000.000 0.000 4.120 3000.000 0.000 -0.374
18 300.00 1200.00 160 568 380 4.120 2000.000 0.000 4.120 3000.000 0.000 -0.374
19 316.67 1200.00 138 587 377 4.120 2000.000 0.000 4.120 3000.000 0.000 -0.374
20 333.33 1200.00 151 555 435 4.120 2000.000 0.000 4.120 3000.000 0.000 -0.374
21 350.00 1200.00 148 580 376 4.120 2000.000 0.000 4.120 3000.000 0.000 -0.374
22 366.67 1200.00 165 547 376 4.120 2000.000 0.000 4.120 3000.000 0.000 -0.374
23 383.33 1200.00 162 624 365 4.120 2000.000 0.000 4.120 3000.000 0.000 -0.374
24 400.00 1200.00 176 639 335 4.120 2000.000 0.000 4.120 3000.000 0.000 -0.374
25 416.67 1200.00 167 626 322 4.120 2000.000 0.000 4.120 3000.000 0.000 -0.374
26 433.33 1200.00 166 591 288 4.120 2000.000 0.000 4.120 3000.000 0.000 -0.374
27 450.00 1200.00 168 600 280 4.120 2000.000 0.000 4.120 3000.000 0.000 -0.374
28 466.67 1200.00 145 564 246 4.120 2000.000 0.000 4.120 3000.000 0.000 -0.374
29 483.33 1200.00 138 548 280 4.120 2000.000 0.000 4.120 3000.000 0.000 -0.374
30 500.00 1200.00 139 527 244 4.120 2000.000 0.000 4.120 3000.000 0.000 -0.374
31 516.67 1200.00 126 528 275 4.120 2000.000 0.000 4.120 3000.000 0.000 -0.374
32 533.33 1200.00 132 546 275 4.120 2000.000 0.000 4.120 3000.000 0.000 -0.374
33 550.00 1200.00 103 600 349 4.120 2000.000 0.000 4.120 3000.000 0.000 -0.374
34 566.67 1200.00 109 561 317 4.120 2000.000 0.000 4.120 3000.000 0.000 -0.374
35 583.33 1200.00 110 581 361 4.120 2000.000 0.000 4.120 3000.000 0.000 -0.374
36 600.00 1200.00 88 615 425 4.120 2000.000 0.000 4.120 3000.000 0.000 -0.374
37 616.67 1200.00 104 614 403 4.120 2000.000 0.000 4.120 3000.000 0.000 -0.374
38 633.33 1200.00 127 703 461 4.120 2000.000 0.000 4.120 3000.000 0.000 -0.374
39 650.00 1200.00 110 672 444 4.120 2000.000 0.000 4.120 3000.000 0.000 -0.374
40 666.67 1200.00 114 709 437 4.120 2000.000 0.000 4.120 3000.000 0.000 -0.374
41 683.33 1200.00 122 768 415 4.120 2000.000 0.000 4.120 3000.000 0.000 -0.374
42 700.00 1200.00 133 743 489 4.120 2000.000 0.000 4.120 3000.000 0.000 -0.374
43 716.67 1200.00 129 722 432 4.120 2000.000 0.000 4.120 3000.000 0.000 -0.374
44 733.33 1200.00 143 745 408 4.120 2000.000 0.000 4.120 3000.000 0.000 -0.374
45 750.00 1200.00 142 717 386 4.120 2000.000 0.000 4.120 3000.000 0.000 -0.374
46 766.67 1200.00 133 700 368 4.120 2000.000 0.000 4.120 3000.000 0.000 -0.374
47 783.33 1200.00 156 652 395 4.120 2000.000 0.000 4.120 3000.000 0.000 -0.374
48 800.00 1200.00 138 600 339 4.120 2000.000 0.000 4.120 3000.000 0.000 -0.374
49 816.67 1200.00 133 580 297 4.120 2000.000 0.000 4.120 3000.000 0.000 -0.374
50 833.34 1200.00 141 558 291 4.120 2000.000 0.000 4.120 3000.000 0.000 -0.374
51 850.00 1200.00 137 485 281 4.120 2000.000 0.000 4.120 3000.000 0.000 -0.374
52 866.67 1200.00 122 524 230 4.120 2000.000 0.000 4.120 3000.000 0.000 -0.374
53 883.34 1200.00 119 479 274 4.120 2000.000 0.000 4.120 3000.000 0.000 -0.374
54 900.00 1200.00 129 496 292 4.120 2000.000 0.000 4.120 3000.000 0.000 -0.374
55 916.67 1200.00 148 466 293 4.120 2000.000 0.000 4.120 3000.000 0.000 -0.374
56 933.34 1200.00 123 475 310 4.120 2000.000 0.000 4.120 3000.000 0.000 -0.374
57 950.00 1200.00 147 529 363 4.120 2000.000 0.000 4.120 3000.000 0.000 -0.374
58 966.67 1200.00 156 495 370 4.120 2000.000 0.000 4.120 3000.000 0.000 -0.374
59 983.34 1200.00 142 499 339 4.120 2000.000 0.000 4.120 3000.000 0.000 -0.374
