# BinNR ps_pos tot-time (s)  O-Beam H-Beam AUX Amplitude(func. gen.)
-2.098389 20.0 1318 6316 5 2404 3794924249 7634 0.000000 0.000000 7.200000
-1.889648 20.0 1455 5888 5 2593 3794924275 7343 0.000000 0.000000 7.200000
-1.691895 20.0 1413 6072 6 2625 3794924301 7485 0.000000 0.000000 7.200000
-1.483154 20.0 1379 6330 4 2521 3794924327 7709 0.000000 0.000000 7.200000
-1.274414 20.0 1228 6909 2 2272 3794924354 8137 0.000000 0.000000 7.200000
-1.065674 20.0 1055 7247 5 1956 3794924380 8302 0.000000 0.000000 7.200000
-0.834961 20.0 963 7720 2 1687 3794924406 8683 0.000000 0.000000 7.200000
-0.637207 20.0 931 7595 3 1737 3794924432 8526 0.000000 0.000000 7.200000
-0.417480 20.0 1070 7329 3 1969 3794924459 8399 0.000000 0.000000 7.200000
-0.208740 20.0 1267 6805 5 2206 3794924485 8072 0.000000 0.000000 7.200000
0.010986 20.0 1320 6492 2 2502 3794924511 7812 0.000000 0.000000 7.200000
0.197754 20.0 1488 6175 7 2749 3794924537 7663 0.000000 0.000000 7.200000
0.417480 20.0 1472 6161 7 2723 3794924563 7633 0.000000 0.000000 7.200000
0.615234 20.0 1361 6279 4 2610 3794924589 7640 0.000000 0.000000 7.200000
0.834961 20.0 1112 6943 3 2143 3794924616 8055 0.000000 0.000000 7.200000
1.054688 20.0 992 7580 5 1818 3794924642 8572 0.000000 0.000000 7.200000
1.263428 20.0 946 7636 3 1836 3794924668 8582 0.000000 0.000000 7.200000
1.472168 20.0 953 7670 7 1755 3794924694 8623 0.000000 0.000000 7.200000
1.669922 20.0 1057 7322 3 1990 3794924720 8379 0.000000 0.000000 7.200000
1.889648 20.0 1256 6872 6 2305 3794924747 8128 0.000000 0.000000 7.200000
2.087402 20.0 1390 6186 1 2562 3794924773 7576 0.000000 0.000000 7.200000
2.296143 20.0 1508 6097 2 2745 3794924799 7605 0.000000 0.000000 7.200000
