# BinNR microsec tot-time (s)  O-Beam AUX Ampl(V) f(Hz) phase(deg) chi(pos)
0 0.00 1500.00 64 62 1.520 10000.000 0.000 1.000
1 3.00 1500.00 128 124 1.520 10000.000 0.000 1.000
2 6.00 1500.00 139 140 1.520 10000.000 0.000 1.000
3 9.00 1500.00 134 136 1.520 10000.000 0.000 1.000
4 12.00 1500.00 130 134 1.520 10000.000 0.000 1.000
5 15.00 1500.00 114 134 1.520 10000.000 0.000 1.000
6 18.00 1500.00 136 130 1.520 10000.000 0.000 1.000
7 21.00 1500.00 166 149 1.520 10000.000 0.000 1.000
8 24.00 1500.00 149 183 1.520 10000.000 0.000 1.000
9 27.00 1500.00 169 198 1.520 10000.000 0.000 1.000
10 30.00 1500.00 151 191 1.520 10000.000 0.000 1.000
11 33.00 1500.00 141 200 1.520 10000.000 0.000 1.000
12 36.00 1500.00 156 191 1.520 10000.000 0.000 1.000
13 39.00 1500.00 131 186 1.520 10000.000 0.000 1.000
14 42.00 1500.00 154 151 1.520 10000.000 0.000 1.000
15 45.00 1500.00 145 152 1.520 10000.000 0.000 1.000
16 48.00 1500.00 133 173 1.520 10000.000 0.000 1.000
17 51.00 1500.00 149 128 1.520 10000.000 0.000 1.000
18 54.00 1500.00 130 129 1.520 10000.000 0.000 1.000
19 57.00 1500.00 125 140 1.520 10000.000 0.000 1.000
20 60.00 1500.00 108 140 1.520 10000.000 0.000 1.000
21 63.00 1500.00 105 156 1.520 10000.000 0.000 1.000
22 66.00 1500.00 131 138 1.520 10000.000 0.000 1.000
23 69.00 1500.00 101 161 1.520 10000.000 0.000 1.000
24 72.00 1500.00 99 161 1.520 10000.000 0.000 1.000
25 75.00 1500.00 127 190 1.520 10000.000 0.000 1.000
26 78.00 1500.00 117 226 1.520 10000.000 0.000 1.000
27 81.00 1500.00 116 305 1.520 10000.000 0.000 1.000
28 84.00 1500.00 128 333 1.520 10000.000 0.000 1.000
29 87.00 1500.00 129 361 1.520 10000.000 0.000 1.000
30 90.00 1500.00 141 457 1.520 10000.000 0.000 1.000
31 93.00 1500.00 129 400 1.520 10000.000 0.000 1.000
32 96.00 1500.00 144 472 1.520 10000.000 0.000 1.000
33 99.00 1500.00 110 462 1.520 10000.000 0.000 1.000
34 102.00 1500.00 135 459 1.520 10000.000 0.000 1.000
35 105.00 1500.00 121 416 1.520 10000.000 0.000 1.000
36 108.00 1500.00 127 410 1.520 10000.000 0.000 1.000
37 111.00 1500.00 120 341 1.520 10000.000 0.000 1.000
38 114.00 1500.00 132 342 1.520 10000.000 0.000 1.000
39 117.00 1500.00 156 312 1.520 10000.000 0.000 1.000
40 120.00 1500.00 150 244 1.520 10000.000 0.000 1.000
41 123.00 1500.00 150 191 1.520 10000.000 0.000 1.000
42 126.00 1500.00 144 184 1.520 10000.000 0.000 1.000
43 129.00 1500.00 147 168 1.520 10000.000 0.000 1.000
44 132.00 1500.00 157 145 1.520 10000.000 0.000 1.000
45 135.00 1500.00 153 141 1.520 10000.000 0.000 1.000
46 138.00 1500.00 165 175 1.520 10000.000 0.000 1.000
47 141.00 1500.00 131 142 1.520 10000.000 0.000 1.000
48 144.00 1500.00 129 118 1.520 10000.000 0.000 1.000
49 147.00 1500.00 127 127 1.520 10000.000 0.000 1.000
50 150.00 1500.00 139 128 1.520 10000.000 0.000 1.000
51 153.00 1500.00 119 114 1.520 10000.000 0.000 1.000
52 156.00 1500.00 116 136 1.520 10000.000 0.000 1.000
53 159.00 1500.00 129 127 1.520 10000.000 0.000 1.000
54 162.00 1500.00 116 143 1.520 10000.000 0.000 1.000
55 165.00 1500.00 114 128 1.520 10000.000 0.000 1.000
56 168.00 1500.00 92 142 1.520 10000.000 0.000 1.000
57 171.00 1500.00 117 165 1.520 10000.000 0.000 1.000
58 174.00 1500.00 112 201 1.520 10000.000 0.000 1.000
59 177.00 1500.00 125 252 1.520 10000.000 0.000 1.000
60 180.00 1500.00 131 274 1.520 10000.000 0.000 1.000
61 183.00 1500.00 138 340 1.520 10000.000 0.000 1.000
62 186.00 1500.00 108 398 1.520 10000.000 0.000 1.000
63 189.00 1500.00 126 395 1.520 10000.000 0.000 1.000
64 192.00 1500.00 143 417 1.520 10000.000 0.000 1.000
65 195.00 1500.00 125 448 1.520 10000.000 0.000 1.000
66 198.00 1500.00 140 447 1.520 10000.000 0.000 1.000
67 201.00 1500.00 131 435 1.520 10000.000 0.000 1.000
68 204.00 1500.00 124 437 1.520 10000.000 0.000 1.000
69 207.00 1500.00 125 382 1.520 10000.000 0.000 1.000
70 210.00 1500.00 131 402 1.520 10000.000 0.000 1.000
71 213.00 1500.00 132 340 1.520 10000.000 0.000 1.000
72 216.00 1500.00 124 328 1.520 10000.000 0.000 1.000
73 219.00 1500.00 137 280 1.520 10000.000 0.000 1.000
74 222.00 1500.00 142 232 1.520 10000.000 0.000 1.000
75 225.00 1500.00 125 205 1.520 10000.000 0.000 1.000
76 228.00 1500.00 146 180 1.520 10000.000 0.000 1.000
77 231.00 1500.00 127 154 1.520 10000.000 0.000 1.000
78 234.00 1500.00 136 143 1.520 10000.000 0.000 1.000
79 237.00 1500.00 149 138 1.520 10000.000 0.000 1.000
80 240.00 1500.00 133 147 1.520 10000.000 0.000 1.000
81 243.00 1500.00 139 138 1.520 10000.000 0.000 1.000
82 246.00 1500.00 147 129 1.520 10000.000 0.000 1.000
83 249.00 1500.00 131 142 1.520 10000.000 0.000 1.000
84 252.00 1500.00 113 122 1.520 10000.000 0.000 1.000
85 255.00 1500.00 121 139 1.520 10000.000 0.000 1.000
86 258.00 1500.00 100 126 1.520 10000.000 0.000 1.000
87 261.00 1500.00 118 120 1.520 10000.000 0.000 1.000
88 264.00 1500.00 102 153 1.520 10000.000 0.000 1.000
89 267.00 1500.00 97 144 1.520 10000.000 0.000 1.000
90 270.00 1500.00 118 143 1.520 10000.000 0.000 1.000
91 273.00 1500.00 128 214 1.520 10000.000 0.000 1.000
92 276.00 1500.00 128 235 1.520 10000.000 0.000 1.000
93 279.00 1500.00 116 237 1.520 10000.000 0.000 1.000
94 282.00 1500.00 144 299 1.520 10000.000 0.000 1.000
95 285.00 1500.00 122 325 1.520 10000.000 0.000 1.000
96 288.00 1500.00 129 370 1.520 10000.000 0.000 1.000
97 291.00 1500.00 129 419 1.520 10000.000 0.000 1.000
98 294.00 1500.00 121 455 1.520 10000.000 0.000 1.000
99 297.00 1500.00 103 443 1.520 10000.000 0.000 1.000
100 300.00 1500.00 130 435 1.520 10000.000 0.000 1.000
101 303.00 1500.00 108 423 1.520 10000.000 0.000 1.000
102 306.00 1500.00 104 434 1.520 10000.000 0.000 1.000
103 309.00 1500.00 108 370 1.520 10000.000 0.000 1.000
104 312.00 1500.00 104 380 1.520 10000.000 0.000 1.000
105 315.00 1500.00 116 317 1.520 10000.000 0.000 1.000
106 318.00 1500.00 128 283 1.520 10000.000 0.000 1.000
107 321.00 1500.00 101 251 1.520 10000.000 0.000 1.000
108 324.00 1500.00 113 194 1.520 10000.000 0.000 1.000
109 327.00 1500.00 125 175 1.520 10000.000 0.000 1.000
110 330.00 1500.00 134 172 1.520 10000.000 0.000 1.000
111 333.00 1500.00 126 158 1.520 10000.000 0.000 1.000
112 336.00 1500.00 122 149 1.520 10000.000 0.000 1.000
113 339.00 1500.00 124 122 1.520 10000.000 0.000 1.000
114 342.00 1500.00 142 146 1.520 10000.000 0.000 1.000
115 345.00 1500.00 138 145 1.520 10000.000 0.000 1.000
116 348.00 1500.00 134 146 1.520 10000.000 0.000 1.000
117 351.00 1500.00 139 124 1.520 10000.000 0.000 1.000
118 354.00 1500.00 133 149 1.520 10000.000 0.000 1.000
119 357.00 1500.00 144 122 1.520 10000.000 0.000 1.000
120 360.00 1500.00 137 140 1.520 10000.000 0.000 1.000
121 363.00 1500.00 160 153 1.520 10000.000 0.000 1.000
122 366.00 1500.00 179 145 1.520 10000.000 0.000 1.000
123 369.00 1500.00 134 164 1.520 10000.000 0.000 1.000
124 372.00 1500.00 147 170 1.520 10000.000 0.000 1.000
125 375.00 1500.00 140 190 1.520 10000.000 0.000 1.000
126 378.00 1500.00 141 290 1.520 10000.000 0.000 1.000
127 381.00 1500.00 121 285 1.520 10000.000 0.000 1.000
128 384.00 1500.00 134 353 1.520 10000.000 0.000 1.000
129 387.00 1500.00 116 370 1.520 10000.000 0.000 1.000
130 390.00 1500.00 111 390 1.520 10000.000 0.000 1.000
131 393.00 1500.00 101 397 1.520 10000.000 0.000 1.000
132 396.00 1500.00 111 420 1.520 10000.000 0.000 1.000
133 399.00 1500.00 91 454 1.520 10000.000 0.000 1.000
134 402.00 1500.00 107 379 1.520 10000.000 0.000 1.000
135 405.00 1500.00 106 400 1.520 10000.000 0.000 1.000
136 408.00 1500.00 116 370 1.520 10000.000 0.000 1.000
137 411.00 1500.00 141 314 1.520 10000.000 0.000 1.000
138 414.00 1500.00 124 344 1.520 10000.000 0.000 1.000
139 417.00 1500.00 115 295 1.520 10000.000 0.000 1.000
140 420.00 1500.00 124 262 1.520 10000.000 0.000 1.000
141 423.00 1500.00 146 222 1.520 10000.000 0.000 1.000
142 426.00 1500.00 115 172 1.520 10000.000 0.000 1.000
143 429.00 1500.00 123 156 1.520 10000.000 0.000 1.000
144 432.00 1500.00 120 125 1.520 10000.000 0.000 1.000
