# BinNR microsec tot-time (s)  O-Beam H-beam AUX Ampl(V) f(Hz) phase(deg) chi(pos)
0 0.00 900.00 205 477 0 0.000 5.373 2000.000 -1.219
1 25.00 900.00 158 390 0 0.000 5.373 2000.000 -1.219
2 50.00 900.00 165 314 0 0.000 5.373 2000.000 -1.219
3 75.00 900.00 135 298 0 0.000 5.373 2000.000 -1.219
4 100.00 900.00 210 361 0 0.000 5.373 2000.000 -1.219
5 125.00 900.00 273 432 1 0.000 5.373 2000.000 -1.219
6 150.00 900.00 359 493 0 0.000 5.373 2000.000 -1.219
7 175.00 900.00 423 492 0 0.000 5.373 2000.000 -1.219
8 200.00 900.00 437 518 0 0.000 5.373 2000.000 -1.219
9 225.00 900.00 360 474 1 0.000 5.373 2000.000 -1.219
10 250.00 900.00 290 427 1 0.000 5.373 2000.000 -1.219
11 275.00 900.00 219 320 0 0.000 5.373 2000.000 -1.219
12 300.00 900.00 204 293 0 0.000 5.373 2000.000 -1.219
13 325.00 900.00 235 318 1 0.000 5.373 2000.000 -1.219
14 350.00 900.00 255 438 1 0.000 5.373 2000.000 -1.219
15 375.00 900.00 333 508 0 0.000 5.373 2000.000 -1.219
16 400.00 900.00 382 526 0 0.000 5.373 2000.000 -1.219
17 425.00 900.00 432 543 0 0.000 5.373 2000.000 -1.219
18 450.00 900.00 338 479 0 0.000 5.373 2000.000 -1.219
19 475.00 900.00 256 519 2 0.000 5.373 2000.000 -1.219
20 500.00 900.00 212 499 1 0.000 5.373 2000.000 -1.219
21 525.00 900.00 146 402 0 0.000 5.373 2000.000 -1.219
22 550.00 900.00 154 324 1 0.000 5.373 2000.000 -1.219
23 575.00 900.00 165 292 2 0.000 5.373 2000.000 -1.219
24 600.00 900.00 210 343 0 0.000 5.373 2000.000 -1.219
25 625.00 900.00 276 463 0 0.000 5.373 2000.000 -1.219
26 650.00 900.00 341 498 0 0.000 5.373 2000.000 -1.219
27 675.00 900.00 434 505 2 0.000 5.373 2000.000 -1.219
28 700.00 900.00 397 515 0 0.000 5.373 2000.000 -1.219
29 725.00 900.00 348 456 1 0.000 5.373 2000.000 -1.219
30 750.00 900.00 284 398 2 0.000 5.373 2000.000 -1.219
31 775.00 900.00 202 328 2 0.000 5.373 2000.000 -1.219
32 800.00 900.00 228 304 0 0.000 5.373 2000.000 -1.219
33 825.00 900.00 225 319 1 0.000 5.373 2000.000 -1.219
34 850.00 900.00 234 413 0 0.000 5.373 2000.000 -1.219
35 875.00 900.00 351 488 0 0.000 5.373 2000.000 -1.219
36 900.00 900.00 377 495 1 0.000 5.373 2000.000 -1.219
37 925.00 900.00 441 551 0 0.000 5.373 2000.000 -1.219
38 950.00 900.00 374 555 0 0.000 5.373 2000.000 -1.219
39 975.00 900.00 282 519 0 0.000 5.373 2000.000 -1.219
