# BinNR microsec tot-time (s)  O-Beam H-beam AUX Ampl(V) f(Hz) phase(deg) chi(pos)
0 0.00 900.00 373 590 2 0.000 5.373 2000.000 -0.934
1 25.00 900.00 389 627 0 0.000 5.373 2000.000 -0.934
2 50.00 900.00 430 673 5 0.000 5.373 2000.000 -0.934
3 75.00 900.00 392 704 2 0.000 5.373 2000.000 -0.934
4 100.00 900.00 333 553 0 0.000 5.373 2000.000 -0.934
5 125.00 900.00 248 459 3 0.000 5.373 2000.000 -0.934
6 150.00 900.00 164 381 2 0.000 5.373 2000.000 -0.934
7 175.00 900.00 131 348 3 0.000 5.373 2000.000 -0.934
8 200.00 900.00 174 342 4 0.000 5.373 2000.000 -0.934
9 225.00 900.00 315 382 3 0.000 5.373 2000.000 -0.934
10 250.00 900.00 399 454 2 0.000 5.373 2000.000 -0.934
11 275.00 900.00 450 551 0 0.000 5.373 2000.000 -0.934
12 300.00 900.00 462 697 1 0.000 5.373 2000.000 -0.934
13 325.00 900.00 429 703 1 0.000 5.373 2000.000 -0.934
14 350.00 900.00 398 631 3 0.000 5.373 2000.000 -0.934
15 375.00 900.00 287 530 2 0.000 5.373 2000.000 -0.934
16 400.00 900.00 203 427 2 0.000 5.373 2000.000 -0.934
17 425.00 900.00 113 420 9 0.000 5.373 2000.000 -0.934
18 450.00 900.00 133 386 1 0.000 5.373 2000.000 -0.934
19 475.00 900.00 256 401 2 0.000 5.373 2000.000 -0.934
20 500.00 900.00 345 538 2 0.000 5.373 2000.000 -0.934
21 525.00 900.00 411 624 1 0.000 5.373 2000.000 -0.934
22 550.00 900.00 433 658 2 0.000 5.373 2000.000 -0.934
23 575.00 900.00 405 666 2 0.000 5.373 2000.000 -0.934
24 600.00 900.00 350 569 1 0.000 5.373 2000.000 -0.934
25 625.00 900.00 252 475 1 0.000 5.373 2000.000 -0.934
26 650.00 900.00 149 326 2 0.000 5.373 2000.000 -0.934
27 675.00 900.00 118 341 0 0.000 5.373 2000.000 -0.934
28 700.00 900.00 182 311 1 0.000 5.373 2000.000 -0.934
29 725.00 900.00 299 367 1 0.000 5.373 2000.000 -0.934
30 750.00 900.00 432 478 1 0.000 5.373 2000.000 -0.934
31 775.00 900.00 477 610 2 0.000 5.373 2000.000 -0.934
32 800.00 900.00 464 753 0 0.000 5.373 2000.000 -0.934
33 825.00 900.00 473 713 2 0.000 5.373 2000.000 -0.934
34 850.00 900.00 412 565 1 0.000 5.373 2000.000 -0.934
35 875.00 900.00 327 552 2 0.000 5.373 2000.000 -0.934
36 900.00 900.00 199 395 1 0.000 5.373 2000.000 -0.934
37 925.00 900.00 118 412 0 0.000 5.373 2000.000 -0.934
38 950.00 900.00 142 405 2 0.000 5.373 2000.000 -0.934
39 975.00 900.00 242 396 1 0.000 5.373 2000.000 -0.934
