# BinNR microsec tot-time (s)  O-Beam H-beam AUX Ampl(V) f(Hz) phase(deg) chi(pos)
0 0.00 1200.00 467 1269 1321 2.020 2000.000 0.000 1.351
1 50.00 1200.00 485 1200 1262 2.020 2000.000 0.000 1.351
2 100.00 1200.00 475 1363 1330 2.020 2000.000 0.000 1.351
3 150.00 1200.00 458 1263 1298 2.020 2000.000 0.000 1.351
4 200.00 1200.00 480 1347 1286 2.020 2000.000 0.000 1.351
5 250.00 1200.00 504 1267 1352 2.020 2000.000 0.000 1.351
6 300.00 1200.00 477 1220 1352 2.020 2000.000 0.000 1.351
7 350.00 1200.00 479 1287 1245 2.020 2000.000 0.000 1.351
8 400.00 1200.00 470 1288 1321 2.020 2000.000 0.000 1.351
9 450.00 1200.00 509 1244 1353 2.020 2000.000 0.000 1.351
10 500.00 1200.00 471 1271 1299 2.020 2000.000 0.000 1.351
11 550.00 1200.00 475 1261 1325 2.020 2000.000 0.000 1.351
12 600.00 1200.00 479 1279 1256 2.020 2000.000 0.000 1.351
13 650.00 1200.00 501 1275 1297 2.020 2000.000 0.000 1.351
14 700.00 1200.00 469 1337 1314 2.020 2000.000 0.000 1.351
15 750.00 1200.00 495 1252 1303 2.020 2000.000 0.000 1.351
16 800.00 1200.00 492 1239 1330 2.020 2000.000 0.000 1.351
17 850.00 1200.00 502 1322 1305 2.020 2000.000 0.000 1.351
18 900.00 1200.00 507 1224 1315 2.020 2000.000 0.000 1.351
19 950.00 1200.00 489 1319 1341 2.020 2000.000 0.000 1.351
