# BinNR microsec tot-time (s)  O-Beam H-beam AUX Ampl(V) f(Hz) phase(deg) chi(pos)
0 0.00 1200.00 353 1855 841 2.020 2000.000 0.000 0.934
1 50.00 1200.00 319 1963 896 2.020 2000.000 0.000 0.934
2 100.00 1200.00 329 2113 953 2.020 2000.000 0.000 0.934
3 150.00 1200.00 320 2079 960 2.020 2000.000 0.000 0.934
4 200.00 1200.00 342 2055 989 2.020 2000.000 0.000 0.934
5 250.00 1200.00 358 1894 951 2.020 2000.000 0.000 0.934
6 300.00 1200.00 365 1908 896 2.020 2000.000 0.000 0.934
7 350.00 1200.00 389 1721 831 2.020 2000.000 0.000 0.934
8 400.00 1200.00 397 1629 791 2.020 2000.000 0.000 0.934
9 450.00 1200.00 368 1793 779 2.020 2000.000 0.000 0.934
10 500.00 1200.00 354 1875 817 2.020 2000.000 0.000 0.934
11 550.00 1200.00 368 2072 922 2.020 2000.000 0.000 0.934
12 600.00 1200.00 297 2046 952 2.020 2000.000 0.000 0.934
13 650.00 1200.00 333 1990 1010 2.020 2000.000 0.000 0.934
14 700.00 1200.00 347 1938 940 2.020 2000.000 0.000 0.934
15 750.00 1200.00 310 1937 931 2.020 2000.000 0.000 0.934
16 800.00 1200.00 345 1735 849 2.020 2000.000 0.000 0.934
17 850.00 1200.00 412 1739 803 2.020 2000.000 0.000 0.934
18 900.00 1200.00 396 1744 767 2.020 2000.000 0.000 0.934
19 950.00 1200.00 351 1800 819 2.020 2000.000 0.000 0.934
