# BinNR microsec tot-time (s)  O-Beam H-beam AUX Ampl(V) f(Hz) phase(deg) chi(pos)
0 0.00 1200.00 172 2826 279 2.020 2000.000 0.000 -1.494
1 50.00 1200.00 137 2897 312 2.020 2000.000 0.000 -1.494
2 100.00 1200.00 120 2889 332 2.020 2000.000 0.000 -1.494
3 150.00 1200.00 113 3007 380 2.020 2000.000 0.000 -1.494
4 200.00 1200.00 164 3002 374 2.020 2000.000 0.000 -1.494
5 250.00 1200.00 154 2831 338 2.020 2000.000 0.000 -1.494
6 300.00 1200.00 164 2816 294 2.020 2000.000 0.000 -1.494
7 350.00 1200.00 156 2758 260 2.020 2000.000 0.000 -1.494
8 400.00 1200.00 166 2748 229 2.020 2000.000 0.000 -1.494
9 450.00 1200.00 168 2787 260 2.020 2000.000 0.000 -1.494
10 500.00 1200.00 157 2875 255 2.020 2000.000 0.000 -1.494
11 550.00 1200.00 135 2918 287 2.020 2000.000 0.000 -1.494
12 600.00 1200.00 125 2966 326 2.020 2000.000 0.000 -1.494
13 650.00 1200.00 119 3030 325 2.020 2000.000 0.000 -1.494
14 700.00 1200.00 154 2905 383 2.020 2000.000 0.000 -1.494
15 750.00 1200.00 170 2789 336 2.020 2000.000 0.000 -1.494
16 800.00 1200.00 160 2819 268 2.020 2000.000 0.000 -1.494
17 850.00 1200.00 179 2794 251 2.020 2000.000 0.000 -1.494
18 900.00 1200.00 153 2811 231 2.020 2000.000 0.000 -1.494
19 950.00 1200.00 148 2773 239 2.020 2000.000 0.000 -1.494
