# BinNR microsec tot-time (s)  O-Beam H-beam AUX Ampl(V) f(Hz) phase(deg) chi(pos)
0 0.00 1200.00 388 1783 892 2.020 2000.000 0.000 -1.077
1 50.00 1200.00 359 1943 969 2.020 2000.000 0.000 -1.077
2 100.00 1200.00 347 2097 1002 2.020 2000.000 0.000 -1.077
3 150.00 1200.00 361 1938 1025 2.020 2000.000 0.000 -1.077
4 200.00 1200.00 331 1910 1018 2.020 2000.000 0.000 -1.077
5 250.00 1200.00 387 1844 998 2.020 2000.000 0.000 -1.077
6 300.00 1200.00 381 1731 950 2.020 2000.000 0.000 -1.077
7 350.00 1200.00 389 1688 880 2.020 2000.000 0.000 -1.077
8 400.00 1200.00 426 1747 848 2.020 2000.000 0.000 -1.077
9 450.00 1200.00 387 1727 866 2.020 2000.000 0.000 -1.077
10 500.00 1200.00 373 1861 931 2.020 2000.000 0.000 -1.077
11 550.00 1200.00 322 1913 945 2.020 2000.000 0.000 -1.077
12 600.00 1200.00 325 1996 991 2.020 2000.000 0.000 -1.077
13 650.00 1200.00 363 2008 1066 2.020 2000.000 0.000 -1.077
14 700.00 1200.00 340 1874 1057 2.020 2000.000 0.000 -1.077
15 750.00 1200.00 393 1841 987 2.020 2000.000 0.000 -1.077
16 800.00 1200.00 382 1734 930 2.020 2000.000 0.000 -1.077
17 850.00 1200.00 351 1632 867 2.020 2000.000 0.000 -1.077
18 900.00 1200.00 410 1681 832 2.020 2000.000 0.000 -1.077
19 950.00 1200.00 399 1790 871 2.020 2000.000 0.000 -1.077
