# BinNR microsec tot-time (s)  O-Beam H-beam AUX Ampl(V) f(Hz) phase(deg) chi(pos)
0 0.00 1200.00 307 1970 782 2.010 2000.000 0.000 -0.220
1 50.00 1200.00 283 2189 842 2.010 2000.000 0.000 -0.220
2 100.00 1200.00 283 2183 886 2.010 2000.000 0.000 -0.220
3 150.00 1200.00 283 2176 950 2.010 2000.000 0.000 -0.220
4 200.00 1200.00 272 2197 918 2.010 2000.000 0.000 -0.220
5 250.00 1200.00 341 2072 950 2.010 2000.000 0.000 -0.220
6 300.00 1200.00 349 1935 882 2.010 2000.000 0.000 -0.220
7 350.00 1200.00 352 1972 769 2.010 2000.000 0.000 -0.220
8 400.00 1200.00 378 1951 734 2.010 2000.000 0.000 -0.220
9 450.00 1200.00 345 1864 756 2.010 2000.000 0.000 -0.220
10 500.00 1200.00 322 2027 788 2.010 2000.000 0.000 -0.220
11 550.00 1200.00 313 2114 837 2.010 2000.000 0.000 -0.220
12 600.00 1200.00 293 2180 924 2.010 2000.000 0.000 -0.220
13 650.00 1200.00 262 2222 932 2.010 2000.000 0.000 -0.220
14 700.00 1200.00 263 2159 942 2.010 2000.000 0.000 -0.220
15 750.00 1200.00 264 1971 916 2.010 2000.000 0.000 -0.220
16 800.00 1200.00 320 2004 884 2.010 2000.000 0.000 -0.220
17 850.00 1200.00 364 1815 782 2.010 2000.000 0.000 -0.220
18 900.00 1200.00 364 1785 690 2.010 2000.000 0.000 -0.220
19 950.00 1200.00 323 1912 763 2.010 2000.000 0.000 -0.220
