# BinNR microsec tot-time (s)  O-Beam H-beam AUX Ampl(V) f(Hz) phase(deg) chi(pos)
0 0.00 1200.00 464 1331 1211 2.010 2000.000 0.000 1.505
1 50.00 1200.00 478 1377 1237 2.010 2000.000 0.000 1.505
2 100.00 1200.00 468 1474 1283 2.010 2000.000 0.000 1.505
3 150.00 1200.00 450 1385 1264 2.010 2000.000 0.000 1.505
4 200.00 1200.00 448 1462 1207 2.010 2000.000 0.000 1.505
5 250.00 1200.00 420 1359 1285 2.010 2000.000 0.000 1.505
6 300.00 1200.00 476 1323 1262 2.010 2000.000 0.000 1.505
7 350.00 1200.00 497 1308 1248 2.010 2000.000 0.000 1.505
8 400.00 1200.00 503 1276 1164 2.010 2000.000 0.000 1.505
9 450.00 1200.00 483 1313 1220 2.010 2000.000 0.000 1.505
10 500.00 1200.00 498 1316 1232 2.010 2000.000 0.000 1.505
11 550.00 1200.00 466 1306 1231 2.010 2000.000 0.000 1.505
12 600.00 1200.00 424 1423 1291 2.010 2000.000 0.000 1.505
13 650.00 1200.00 448 1458 1321 2.010 2000.000 0.000 1.505
14 700.00 1200.00 444 1417 1358 2.010 2000.000 0.000 1.505
15 750.00 1200.00 428 1372 1306 2.010 2000.000 0.000 1.505
16 800.00 1200.00 501 1360 1283 2.010 2000.000 0.000 1.505
17 850.00 1200.00 490 1327 1262 2.010 2000.000 0.000 1.505
18 900.00 1200.00 441 1272 1102 2.010 2000.000 0.000 1.505
19 950.00 1200.00 470 1245 1184 2.010 2000.000 0.000 1.505
