# BinNR ps_pos tot-time (s)  O-Beam H-Beam AUX Amplitude(func. gen.)
-2.098389 20.0 1076 7252 4 2063 3794755086 8328 0.000000 0.000000 6.400000
-1.889648 20.0 1251 7144 4 2240 3794755112 8395 0.000000 0.000000 6.400000
-1.680908 20.0 1315 6701 5 2430 3794755139 8016 0.000000 0.000000 6.400000
-1.472168 20.0 1377 6284 8 2587 3794755165 7661 0.000000 0.000000 6.400000
-1.263428 20.0 1382 6286 2 2628 3794755191 7668 0.000000 0.000000 6.400000
-1.054688 20.0 1415 6629 2 2593 3794755217 8044 0.000000 0.000000 6.400000
-0.834961 20.0 1250 6764 4 2315 3794755244 8014 0.000000 0.000000 6.400000
-0.626221 20.0 1153 7157 4 2157 3794755270 8310 0.000000 0.000000 6.400000
-0.417480 20.0 1044 7496 4 1937 3794755296 8540 0.000000 0.000000 6.400000
-0.208740 20.0 1080 7500 5 1946 3794755322 8580 0.000000 0.000000 6.400000
-0.010986 20.0 1091 7311 2 2040 3794755348 8402 0.000000 0.000000 6.400000
0.197754 20.0 1263 6994 4 2261 3794755375 8257 0.000000 0.000000 6.400000
0.417480 20.0 1270 6695 2 2502 3794755401 7965 0.000000 0.000000 6.400000
0.626221 20.0 1438 6444 2 2655 3794755427 7882 0.000000 0.000000 6.400000
0.845947 20.0 1534 6356 4 2664 3794755453 7890 0.000000 0.000000 6.400000
1.043701 20.0 1404 6492 6 2523 3794755480 7896 0.000000 0.000000 6.400000
1.263428 20.0 1249 6849 5 2297 3794755506 8098 0.000000 0.000000 6.400000
1.494141 20.0 1158 7159 2 2118 3794755532 8317 0.000000 0.000000 6.400000
1.669922 20.0 1062 7283 2 2013 3794755559 8345 0.000000 0.000000 6.400000
1.889648 20.0 1070 7579 5 2060 3794755585 8649 0.000000 0.000000 6.400000
2.109375 20.0 1126 7224 3 2128 3794755611 8350 0.000000 0.000000 6.400000
2.307129 20.0 1247 7013 4 2175 3794755638 8260 0.000000 0.000000 6.400000
