# BinNR microsec tot-time (s)  O-Beam H-beam AUX Ampl(V) f(Hz) phase(deg) chi(pos)
0 0.00 1200.00 530 637 0 5.313 2000.000 0.000 0.066
1 25.00 1200.00 494 524 2 5.313 2000.000 0.000 0.066
2 50.00 1200.00 416 537 2 5.313 2000.000 0.000 0.066
3 75.00 1200.00 440 782 1 5.313 2000.000 0.000 0.066
4 100.00 1200.00 480 939 2 5.313 2000.000 0.000 0.066
5 125.00 1200.00 553 1064 0 5.313 2000.000 0.000 0.066
6 150.00 1200.00 609 1067 2 5.313 2000.000 0.000 0.066
7 175.00 1200.00 559 1024 1 5.313 2000.000 0.000 0.066
8 200.00 1200.00 348 1069 0 5.313 2000.000 0.000 0.066
9 225.00 1200.00 209 1050 0 5.313 2000.000 0.000 0.066
10 250.00 1200.00 135 1004 2 5.313 2000.000 0.000 0.066
11 275.00 1200.00 127 961 2 5.313 2000.000 0.000 0.066
12 300.00 1200.00 118 748 1 5.313 2000.000 0.000 0.066
13 325.00 1200.00 95 568 1 5.313 2000.000 0.000 0.066
14 350.00 1200.00 130 544 2 5.313 2000.000 0.000 0.066
15 375.00 1200.00 172 636 0 5.313 2000.000 0.000 0.066
16 400.00 1200.00 340 658 2 5.313 2000.000 0.000 0.066
17 425.00 1200.00 481 749 2 5.313 2000.000 0.000 0.066
18 450.00 1200.00 568 767 5 5.313 2000.000 0.000 0.066
19 475.00 1200.00 597 688 6 5.313 2000.000 0.000 0.066
20 500.00 1200.00 565 624 4 5.313 2000.000 0.000 0.066
21 525.00 1200.00 469 532 2 5.313 2000.000 0.000 0.066
22 550.00 1200.00 448 598 1 5.313 2000.000 0.000 0.066
23 575.00 1200.00 450 770 1 5.313 2000.000 0.000 0.066
24 600.00 1200.00 575 879 3 5.313 2000.000 0.000 0.066
25 625.00 1200.00 630 966 4 5.313 2000.000 0.000 0.066
26 650.00 1200.00 661 1070 3 5.313 2000.000 0.000 0.066
27 675.00 1200.00 500 1034 0 5.313 2000.000 0.000 0.066
28 700.00 1200.00 340 1029 2 5.313 2000.000 0.000 0.066
29 725.00 1200.00 215 1079 1 5.313 2000.000 0.000 0.066
30 750.00 1200.00 122 1037 5 5.313 2000.000 0.000 0.066
31 775.00 1200.00 121 929 3 5.313 2000.000 0.000 0.066
32 800.00 1200.00 133 764 2 5.313 2000.000 0.000 0.066
33 825.00 1200.00 123 612 1 5.313 2000.000 0.000 0.066
34 850.00 1200.00 122 570 1 5.313 2000.000 0.000 0.066
35 875.00 1200.00 205 599 5 5.313 2000.000 0.000 0.066
36 900.00 1200.00 306 711 2 5.313 2000.000 0.000 0.066
37 925.00 1200.00 529 807 1 5.313 2000.000 0.000 0.066
38 950.00 1200.00 625 696 1 5.313 2000.000 0.000 0.066
39 975.00 1200.00 615 682 1 5.313 2000.000 0.000 0.066
