# BinNR microsec tot-time (s)  O-Beam AUX Ampl(V) f(Hz) phase(deg) chi(pos)
0 0.00 1200.00 48 134 1.100 10000.000 0.000 0.659
1 3.00 1200.00 100 297 1.100 10000.000 0.000 0.659
2 6.00 1200.00 85 322 1.100 10000.000 0.000 0.659
3 9.00 1200.00 63 290 1.100 10000.000 0.000 0.659
4 12.00 1200.00 70 289 1.100 10000.000 0.000 0.659
5 15.00 1200.00 86 241 1.100 10000.000 0.000 0.659
6 18.00 1200.00 61 214 1.100 10000.000 0.000 0.659
7 21.00 1200.00 69 232 1.100 10000.000 0.000 0.659
8 24.00 1200.00 69 212 1.100 10000.000 0.000 0.659
9 27.00 1200.00 51 214 1.100 10000.000 0.000 0.659
10 30.00 1200.00 71 211 1.100 10000.000 0.000 0.659
11 33.00 1200.00 68 188 1.100 10000.000 0.000 0.659
12 36.00 1200.00 77 174 1.100 10000.000 0.000 0.659
13 39.00 1200.00 62 178 1.100 10000.000 0.000 0.659
14 42.00 1200.00 60 219 1.100 10000.000 0.000 0.659
15 45.00 1200.00 76 217 1.100 10000.000 0.000 0.659
16 48.00 1200.00 73 261 1.100 10000.000 0.000 0.659
17 51.00 1200.00 69 258 1.100 10000.000 0.000 0.659
18 54.00 1200.00 60 262 1.100 10000.000 0.000 0.659
19 57.00 1200.00 70 298 1.100 10000.000 0.000 0.659
20 60.00 1200.00 76 289 1.100 10000.000 0.000 0.659
21 63.00 1200.00 71 265 1.100 10000.000 0.000 0.659
22 66.00 1200.00 87 265 1.100 10000.000 0.000 0.659
23 69.00 1200.00 89 228 1.100 10000.000 0.000 0.659
24 72.00 1200.00 72 198 1.100 10000.000 0.000 0.659
25 75.00 1200.00 105 187 1.100 10000.000 0.000 0.659
26 78.00 1200.00 100 141 1.100 10000.000 0.000 0.659
27 81.00 1200.00 115 132 1.100 10000.000 0.000 0.659
28 84.00 1200.00 103 136 1.100 10000.000 0.000 0.659
29 87.00 1200.00 99 115 1.100 10000.000 0.000 0.659
30 90.00 1200.00 100 102 1.100 10000.000 0.000 0.659
31 93.00 1200.00 107 113 1.100 10000.000 0.000 0.659
32 96.00 1200.00 113 104 1.100 10000.000 0.000 0.659
33 99.00 1200.00 106 94 1.100 10000.000 0.000 0.659
34 102.00 1200.00 82 93 1.100 10000.000 0.000 0.659
35 105.00 1200.00 85 111 1.100 10000.000 0.000 0.659
36 108.00 1200.00 86 110 1.100 10000.000 0.000 0.659
37 111.00 1200.00 69 118 1.100 10000.000 0.000 0.659
38 114.00 1200.00 77 121 1.100 10000.000 0.000 0.659
39 117.00 1200.00 78 126 1.100 10000.000 0.000 0.659
40 120.00 1200.00 70 160 1.100 10000.000 0.000 0.659
41 123.00 1200.00 77 173 1.100 10000.000 0.000 0.659
42 126.00 1200.00 68 203 1.100 10000.000 0.000 0.659
43 129.00 1200.00 69 255 1.100 10000.000 0.000 0.659
44 132.00 1200.00 72 275 1.100 10000.000 0.000 0.659
45 135.00 1200.00 66 291 1.100 10000.000 0.000 0.659
46 138.00 1200.00 55 315 1.100 10000.000 0.000 0.659
47 141.00 1200.00 80 383 1.100 10000.000 0.000 0.659
48 144.00 1200.00 64 352 1.100 10000.000 0.000 0.659
49 147.00 1200.00 79 377 1.100 10000.000 0.000 0.659
50 150.00 1200.00 67 344 1.100 10000.000 0.000 0.659
51 153.00 1200.00 53 320 1.100 10000.000 0.000 0.659
52 156.00 1200.00 73 344 1.100 10000.000 0.000 0.659
53 159.00 1200.00 64 314 1.100 10000.000 0.000 0.659
54 162.00 1200.00 84 290 1.100 10000.000 0.000 0.659
55 165.00 1200.00 86 227 1.100 10000.000 0.000 0.659
56 168.00 1200.00 81 260 1.100 10000.000 0.000 0.659
57 171.00 1200.00 92 202 1.100 10000.000 0.000 0.659
58 174.00 1200.00 98 177 1.100 10000.000 0.000 0.659
59 177.00 1200.00 94 167 1.100 10000.000 0.000 0.659
60 180.00 1200.00 106 140 1.100 10000.000 0.000 0.659
61 183.00 1200.00 86 115 1.100 10000.000 0.000 0.659
62 186.00 1200.00 119 137 1.100 10000.000 0.000 0.659
63 189.00 1200.00 96 107 1.100 10000.000 0.000 0.659
64 192.00 1200.00 97 104 1.100 10000.000 0.000 0.659
65 195.00 1200.00 110 108 1.100 10000.000 0.000 0.659
66 198.00 1200.00 98 109 1.100 10000.000 0.000 0.659
67 201.00 1200.00 86 78 1.100 10000.000 0.000 0.659
68 204.00 1200.00 88 111 1.100 10000.000 0.000 0.659
69 207.00 1200.00 82 100 1.100 10000.000 0.000 0.659
70 210.00 1200.00 82 119 1.100 10000.000 0.000 0.659
71 213.00 1200.00 77 123 1.100 10000.000 0.000 0.659
72 216.00 1200.00 67 107 1.100 10000.000 0.000 0.659
73 219.00 1200.00 77 133 1.100 10000.000 0.000 0.659
74 222.00 1200.00 77 188 1.100 10000.000 0.000 0.659
75 225.00 1200.00 77 207 1.100 10000.000 0.000 0.659
76 228.00 1200.00 58 221 1.100 10000.000 0.000 0.659
77 231.00 1200.00 60 250 1.100 10000.000 0.000 0.659
78 234.00 1200.00 61 296 1.100 10000.000 0.000 0.659
79 237.00 1200.00 59 293 1.100 10000.000 0.000 0.659
80 240.00 1200.00 52 310 1.100 10000.000 0.000 0.659
81 243.00 1200.00 69 331 1.100 10000.000 0.000 0.659
82 246.00 1200.00 68 360 1.100 10000.000 0.000 0.659
83 249.00 1200.00 68 346 1.100 10000.000 0.000 0.659
84 252.00 1200.00 75 349 1.100 10000.000 0.000 0.659
85 255.00 1200.00 69 317 1.100 10000.000 0.000 0.659
86 258.00 1200.00 83 343 1.100 10000.000 0.000 0.659
87 261.00 1200.00 95 292 1.100 10000.000 0.000 0.659
88 264.00 1200.00 81 301 1.100 10000.000 0.000 0.659
89 267.00 1200.00 102 209 1.100 10000.000 0.000 0.659
90 270.00 1200.00 77 263 1.100 10000.000 0.000 0.659
91 273.00 1200.00 84 190 1.100 10000.000 0.000 0.659
92 276.00 1200.00 93 167 1.100 10000.000 0.000 0.659
93 279.00 1200.00 104 135 1.100 10000.000 0.000 0.659
94 282.00 1200.00 87 114 1.100 10000.000 0.000 0.659
95 285.00 1200.00 88 129 1.100 10000.000 0.000 0.659
96 288.00 1200.00 84 103 1.100 10000.000 0.000 0.659
97 291.00 1200.00 73 102 1.100 10000.000 0.000 0.659
98 294.00 1200.00 77 75 1.100 10000.000 0.000 0.659
99 297.00 1200.00 85 112 1.100 10000.000 0.000 0.659
100 300.00 1200.00 68 83 1.100 10000.000 0.000 0.659
101 303.00 1200.00 67 83 1.100 10000.000 0.000 0.659
102 306.00 1200.00 79 105 1.100 10000.000 0.000 0.659
103 309.00 1200.00 66 116 1.100 10000.000 0.000 0.659
104 312.00 1200.00 61 114 1.100 10000.000 0.000 0.659
105 315.00 1200.00 88 107 1.100 10000.000 0.000 0.659
106 318.00 1200.00 97 156 1.100 10000.000 0.000 0.659
107 321.00 1200.00 82 179 1.100 10000.000 0.000 0.659
108 324.00 1200.00 84 191 1.100 10000.000 0.000 0.659
109 327.00 1200.00 92 197 1.100 10000.000 0.000 0.659
110 330.00 1200.00 84 267 1.100 10000.000 0.000 0.659
111 333.00 1200.00 77 262 1.100 10000.000 0.000 0.659
112 336.00 1200.00 70 339 1.100 10000.000 0.000 0.659
113 339.00 1200.00 70 320 1.100 10000.000 0.000 0.659
114 342.00 1200.00 80 357 1.100 10000.000 0.000 0.659
115 345.00 1200.00 74 351 1.100 10000.000 0.000 0.659
116 348.00 1200.00 70 408 1.100 10000.000 0.000 0.659
117 351.00 1200.00 50 382 1.100 10000.000 0.000 0.659
118 354.00 1200.00 64 317 1.100 10000.000 0.000 0.659
119 357.00 1200.00 71 331 1.100 10000.000 0.000 0.659
120 360.00 1200.00 61 342 1.100 10000.000 0.000 0.659
121 363.00 1200.00 64 285 1.100 10000.000 0.000 0.659
122 366.00 1200.00 80 242 1.100 10000.000 0.000 0.659
123 369.00 1200.00 69 202 1.100 10000.000 0.000 0.659
124 372.00 1200.00 73 194 1.100 10000.000 0.000 0.659
125 375.00 1200.00 63 168 1.100 10000.000 0.000 0.659
126 378.00 1200.00 73 184 1.100 10000.000 0.000 0.659
127 381.00 1200.00 75 154 1.100 10000.000 0.000 0.659
128 384.00 1200.00 64 120 1.100 10000.000 0.000 0.659
129 387.00 1200.00 72 121 1.100 10000.000 0.000 0.659
130 390.00 1200.00 76 88 1.100 10000.000 0.000 0.659
131 393.00 1200.00 67 98 1.100 10000.000 0.000 0.659
132 396.00 1200.00 82 93 1.100 10000.000 0.000 0.659
133 399.00 1200.00 87 89 1.100 10000.000 0.000 0.659
134 402.00 1200.00 76 95 1.100 10000.000 0.000 0.659
135 405.00 1200.00 83 108 1.100 10000.000 0.000 0.659
136 408.00 1200.00 94 91 1.100 10000.000 0.000 0.659
137 411.00 1200.00 97 118 1.100 10000.000 0.000 0.659
138 414.00 1200.00 119 116 1.100 10000.000 0.000 0.659
139 417.00 1200.00 106 149 1.100 10000.000 0.000 0.659
140 420.00 1200.00 128 153 1.100 10000.000 0.000 0.659
141 423.00 1200.00 90 187 1.100 10000.000 0.000 0.659
142 426.00 1200.00 96 209 1.100 10000.000 0.000 0.659
143 429.00 1200.00 104 255 1.100 10000.000 0.000 0.659
144 432.00 1200.00 100 259 1.100 10000.000 0.000 0.659
