# BinNR microsec tot-time (s)  O-Beam H-beam AUX Ampl1(V) f1(Hz) phase1(deg) Ampl1(V) f1(Hz) phase1(deg) chi(pos)
0 0.00 1200.00 0 0 0 0.415 2000.000 0.000 0.415 3000.000 0.000 -1.230
1 16.67 1200.00 0 0 0 0.415 2000.000 0.000 0.415 3000.000 0.000 -1.230
2 33.33 1200.00 0 0 0 0.415 2000.000 0.000 0.415 3000.000 0.000 -1.230
3 50.00 1200.00 0 0 0 0.415 2000.000 0.000 0.415 3000.000 0.000 -1.230
4 66.67 1200.00 0 0 0 0.415 2000.000 0.000 0.415 3000.000 0.000 -1.230
5 83.33 1200.00 35 208 64 0.415 2000.000 0.000 0.415 3000.000 0.000 -1.230
6 100.00 1200.00 82 731 219 0.415 2000.000 0.000 0.415 3000.000 0.000 -1.230
7 116.67 1200.00 95 719 222 0.415 2000.000 0.000 0.415 3000.000 0.000 -1.230
8 133.33 1200.00 99 755 249 0.415 2000.000 0.000 0.415 3000.000 0.000 -1.230
9 150.00 1200.00 108 743 224 0.415 2000.000 0.000 0.415 3000.000 0.000 -1.230
10 166.67 1200.00 105 800 231 0.415 2000.000 0.000 0.415 3000.000 0.000 -1.230
11 183.33 1200.00 125 810 236 0.415 2000.000 0.000 0.415 3000.000 0.000 -1.230
12 200.00 1200.00 124 794 252 0.415 2000.000 0.000 0.415 3000.000 0.000 -1.230
13 216.67 1200.00 149 809 227 0.415 2000.000 0.000 0.415 3000.000 0.000 -1.230
14 233.33 1200.00 126 833 219 0.415 2000.000 0.000 0.415 3000.000 0.000 -1.230
15 250.00 1200.00 110 815 229 0.415 2000.000 0.000 0.415 3000.000 0.000 -1.230
16 266.67 1200.00 125 844 209 0.415 2000.000 0.000 0.415 3000.000 0.000 -1.230
17 283.33 1200.00 123 847 192 0.415 2000.000 0.000 0.415 3000.000 0.000 -1.230
18 300.00 1200.00 80 832 208 0.415 2000.000 0.000 0.415 3000.000 0.000 -1.230
19 316.67 1200.00 89 795 196 0.415 2000.000 0.000 0.415 3000.000 0.000 -1.230
20 333.33 1200.00 90 804 182 0.415 2000.000 0.000 0.415 3000.000 0.000 -1.230
21 350.00 1200.00 91 827 200 0.415 2000.000 0.000 0.415 3000.000 0.000 -1.230
22 366.67 1200.00 91 791 225 0.415 2000.000 0.000 0.415 3000.000 0.000 -1.230
23 383.33 1200.00 54 807 226 0.415 2000.000 0.000 0.415 3000.000 0.000 -1.230
24 400.00 1200.00 59 812 230 0.415 2000.000 0.000 0.415 3000.000 0.000 -1.230
25 416.67 1200.00 87 838 269 0.415 2000.000 0.000 0.415 3000.000 0.000 -1.230
26 433.33 1200.00 69 860 266 0.415 2000.000 0.000 0.415 3000.000 0.000 -1.230
27 450.00 1200.00 81 831 287 0.415 2000.000 0.000 0.415 3000.000 0.000 -1.230
28 466.67 1200.00 86 839 306 0.415 2000.000 0.000 0.415 3000.000 0.000 -1.230
29 483.33 1200.00 84 808 267 0.415 2000.000 0.000 0.415 3000.000 0.000 -1.230
30 500.00 1200.00 128 872 258 0.415 2000.000 0.000 0.415 3000.000 0.000 -1.230
31 516.67 1200.00 114 865 314 0.415 2000.000 0.000 0.415 3000.000 0.000 -1.230
32 533.33 1200.00 117 858 285 0.415 2000.000 0.000 0.415 3000.000 0.000 -1.230
33 550.00 1200.00 104 864 293 0.415 2000.000 0.000 0.415 3000.000 0.000 -1.230
34 566.67 1200.00 126 848 255 0.415 2000.000 0.000 0.415 3000.000 0.000 -1.230
35 583.33 1200.00 121 862 211 0.415 2000.000 0.000 0.415 3000.000 0.000 -1.230
36 600.00 1200.00 96 783 233 0.415 2000.000 0.000 0.415 3000.000 0.000 -1.230
37 616.67 1200.00 108 783 195 0.415 2000.000 0.000 0.415 3000.000 0.000 -1.230
38 633.33 1200.00 112 785 175 0.415 2000.000 0.000 0.415 3000.000 0.000 -1.230
39 650.00 1200.00 117 715 174 0.415 2000.000 0.000 0.415 3000.000 0.000 -1.230
40 666.67 1200.00 109 783 184 0.415 2000.000 0.000 0.415 3000.000 0.000 -1.230
41 683.33 1200.00 116 715 177 0.415 2000.000 0.000 0.415 3000.000 0.000 -1.230
42 700.00 1200.00 106 664 174 0.415 2000.000 0.000 0.415 3000.000 0.000 -1.230
43 716.67 1200.00 118 715 177 0.415 2000.000 0.000 0.415 3000.000 0.000 -1.230
44 733.33 1200.00 88 728 182 0.415 2000.000 0.000 0.415 3000.000 0.000 -1.230
45 750.00 1200.00 82 738 208 0.415 2000.000 0.000 0.415 3000.000 0.000 -1.230
46 766.67 1200.00 92 729 200 0.415 2000.000 0.000 0.415 3000.000 0.000 -1.230
47 783.33 1200.00 94 772 218 0.415 2000.000 0.000 0.415 3000.000 0.000 -1.230
48 800.00 1200.00 90 767 210 0.415 2000.000 0.000 0.415 3000.000 0.000 -1.230
49 816.67 1200.00 97 833 248 0.415 2000.000 0.000 0.415 3000.000 0.000 -1.230
50 833.34 1200.00 78 851 274 0.415 2000.000 0.000 0.415 3000.000 0.000 -1.230
51 850.00 1200.00 96 846 278 0.415 2000.000 0.000 0.415 3000.000 0.000 -1.230
52 866.67 1200.00 101 900 261 0.415 2000.000 0.000 0.415 3000.000 0.000 -1.230
53 883.34 1200.00 95 913 322 0.415 2000.000 0.000 0.415 3000.000 0.000 -1.230
54 900.00 1200.00 85 885 278 0.415 2000.000 0.000 0.415 3000.000 0.000 -1.230
55 916.67 1200.00 89 903 289 0.415 2000.000 0.000 0.415 3000.000 0.000 -1.230
56 933.34 1200.00 95 853 250 0.415 2000.000 0.000 0.415 3000.000 0.000 -1.230
57 950.00 1200.00 115 920 283 0.415 2000.000 0.000 0.415 3000.000 0.000 -1.230
58 966.67 1200.00 106 893 256 0.415 2000.000 0.000 0.415 3000.000 0.000 -1.230
59 983.34 1200.00 95 860 251 0.415 2000.000 0.000 0.415 3000.000 0.000 -1.230
60 1000.00 1200.00 91 842 244 0.415 2000.000 0.000 0.415 3000.000 0.000 -1.230
61 1016.67 1200.00 105 775 218 0.415 2000.000 0.000 0.415 3000.000 0.000 -1.230
62 1033.34 1200.00 80 746 226 0.415 2000.000 0.000 0.415 3000.000 0.000 -1.230
63 1050.00 1200.00 88 760 209 0.415 2000.000 0.000 0.415 3000.000 0.000 -1.230
64 1066.67 1200.00 91 731 211 0.415 2000.000 0.000 0.415 3000.000 0.000 -1.230
65 1083.34 1200.00 64 481 124 0.415 2000.000 0.000 0.415 3000.000 0.000 -1.230
66 1100.00 1200.00 0 0 0 0.415 2000.000 0.000 0.415 3000.000 0.000 -1.230
67 1116.67 1200.00 0 0 0 0.415 2000.000 0.000 0.415 3000.000 0.000 -1.230
68 1133.34 1200.00 0 0 0 0.415 2000.000 0.000 0.415 3000.000 0.000 -1.230
69 1150.00 1200.00 0 0 0 0.415 2000.000 0.000 0.415 3000.000 0.000 -1.230
70 1166.67 1200.00 0 0 0 0.415 2000.000 0.000 0.415 3000.000 0.000 -1.230
71 1183.34 1200.00 0 0 0 0.415 2000.000 0.000 0.415 3000.000 0.000 -1.230
72 1200.00 1200.00 0 0 0 0.415 2000.000 0.000 0.415 3000.000 0.000 -1.230
73 1216.67 1200.00 0 0 0 0.415 2000.000 0.000 0.415 3000.000 0.000 -1.230
74 1233.34 1200.00 0 0 0 0.415 2000.000 0.000 0.415 3000.000 0.000 -1.230
75 1250.00 1200.00 0 0 0 0.415 2000.000 0.000 0.415 3000.000 0.000 -1.230
76 1266.67 1200.00 0 0 0 0.415 2000.000 0.000 0.415 3000.000 0.000 -1.230
77 1283.34 1200.00 0 0 0 0.415 2000.000 0.000 0.415 3000.000 0.000 -1.230
78 1300.00 1200.00 0 0 0 0.415 2000.000 0.000 0.415 3000.000 0.000 -1.230
79 1316.67 1200.00 0 0 0 0.415 2000.000 0.000 0.415 3000.000 0.000 -1.230
80 1333.34 1200.00 0 0 0 0.415 2000.000 0.000 0.415 3000.000 0.000 -1.230
81 1350.00 1200.00 0 0 0 0.415 2000.000 0.000 0.415 3000.000 0.000 -1.230
82 1366.67 1200.00 0 0 0 0.415 2000.000 0.000 0.415 3000.000 0.000 -1.230
83 1383.34 1200.00 0 0 0 0.415 2000.000 0.000 0.415 3000.000 0.000 -1.230
84 1400.00 1200.00 0 0 0 0.415 2000.000 0.000 0.415 3000.000 0.000 -1.230
85 1416.67 1200.00 0 0 0 0.415 2000.000 0.000 0.415 3000.000 0.000 -1.230
86 1433.34 1200.00 0 0 0 0.415 2000.000 0.000 0.415 3000.000 0.000 -1.230
87 1450.00 1200.00 0 0 0 0.415 2000.000 0.000 0.415 3000.000 0.000 -1.230
88 1466.67 1200.00 0 0 0 0.415 2000.000 0.000 0.415 3000.000 0.000 -1.230
89 1483.34 1200.00 0 0 0 0.415 2000.000 0.000 0.415 3000.000 0.000 -1.230
90 1500.00 1200.00 0 0 0 0.415 2000.000 0.000 0.415 3000.000 0.000 -1.230
91 1516.67 1200.00 0 0 0 0.415 2000.000 0.000 0.415 3000.000 0.000 -1.230
92 1533.34 1200.00 0 0 0 0.415 2000.000 0.000 0.415 3000.000 0.000 -1.230
93 1550.00 1200.00 0 0 0 0.415 2000.000 0.000 0.415 3000.000 0.000 -1.230
94 1566.67 1200.00 0 0 0 0.415 2000.000 0.000 0.415 3000.000 0.000 -1.230
95 1583.34 1200.00 0 0 0 0.415 2000.000 0.000 0.415 3000.000 0.000 -1.230
96 1600.00 1200.00 0 0 0 0.415 2000.000 0.000 0.415 3000.000 0.000 -1.230
97 1616.67 1200.00 0 0 0 0.415 2000.000 0.000 0.415 3000.000 0.000 -1.230
98 1633.34 1200.00 0 0 0 0.415 2000.000 0.000 0.415 3000.000 0.000 -1.230
99 1650.00 1200.00 0 0 0 0.415 2000.000 0.000 0.415 3000.000 0.000 -1.230
100 1666.67 1200.00 0 0 0 0.415 2000.000 0.000 0.415 3000.000 0.000 -1.230
101 1683.34 1200.00 0 0 0 0.415 2000.000 0.000 0.415 3000.000 0.000 -1.230
102 1700.00 1200.00 0 0 0 0.415 2000.000 0.000 0.415 3000.000 0.000 -1.230
103 1716.67 1200.00 0 0 0 0.415 2000.000 0.000 0.415 3000.000 0.000 -1.230
104 1733.34 1200.00 0 0 0 0.415 2000.000 0.000 0.415 3000.000 0.000 -1.230
105 1750.00 1200.00 0 0 0 0.415 2000.000 0.000 0.415 3000.000 0.000 -1.230
106 1766.67 1200.00 0 0 0 0.415 2000.000 0.000 0.415 3000.000 0.000 -1.230
107 1783.34 1200.00 0 0 0 0.415 2000.000 0.000 0.415 3000.000 0.000 -1.230
108 1800.00 1200.00 0 0 0 0.415 2000.000 0.000 0.415 3000.000 0.000 -1.230
109 1816.67 1200.00 0 0 0 0.415 2000.000 0.000 0.415 3000.000 0.000 -1.230
110 1833.34 1200.00 0 0 0 0.415 2000.000 0.000 0.415 3000.000 0.000 -1.230
111 1850.00 1200.00 0 0 0 0.415 2000.000 0.000 0.415 3000.000 0.000 -1.230
112 1866.67 1200.00 0 0 0 0.415 2000.000 0.000 0.415 3000.000 0.000 -1.230
113 1883.34 1200.00 0 0 0 0.415 2000.000 0.000 0.415 3000.000 0.000 -1.230
114 1900.00 1200.00 0 0 0 0.415 2000.000 0.000 0.415 3000.000 0.000 -1.230
115 1916.67 1200.00 0 0 0 0.415 2000.000 0.000 0.415 3000.000 0.000 -1.230
116 1933.34 1200.00 0 0 0 0.415 2000.000 0.000 0.415 3000.000 0.000 -1.230
117 1950.00 1200.00 0 0 0 0.415 2000.000 0.000 0.415 3000.000 0.000 -1.230
118 1966.67 1200.00 0 0 0 0.415 2000.000 0.000 0.415 3000.000 0.000 -1.230
119 1983.34 1200.00 0 0 0 0.415 2000.000 0.000 0.415 3000.000 0.000 -1.230
