# BinNR microsec tot-time (s)  O-Beam H-beam AUX Ampl1(V) f1(Hz) phase1(deg) Ampl1(V) f1(Hz) phase1(deg) chi(pos)
0 0.00 1200.00 0 0 0 0.415 2000.000 0.000 0.415 3000.000 0.000 -1.505
1 16.67 1200.00 0 0 0 0.415 2000.000 0.000 0.415 3000.000 0.000 -1.505
2 33.33 1200.00 0 0 0 0.415 2000.000 0.000 0.415 3000.000 0.000 -1.505
3 50.00 1200.00 0 0 0 0.415 2000.000 0.000 0.415 3000.000 0.000 -1.505
4 66.67 1200.00 0 0 0 0.415 2000.000 0.000 0.415 3000.000 0.000 -1.505
5 83.33 1200.00 14 283 20 0.415 2000.000 0.000 0.415 3000.000 0.000 -1.505
6 100.00 1200.00 45 912 111 0.415 2000.000 0.000 0.415 3000.000 0.000 -1.505
7 116.67 1200.00 45 987 90 0.415 2000.000 0.000 0.415 3000.000 0.000 -1.505
8 133.33 1200.00 44 931 97 0.415 2000.000 0.000 0.415 3000.000 0.000 -1.505
9 150.00 1200.00 64 955 96 0.415 2000.000 0.000 0.415 3000.000 0.000 -1.505
10 166.67 1200.00 53 1018 89 0.415 2000.000 0.000 0.415 3000.000 0.000 -1.505
11 183.33 1200.00 71 1054 101 0.415 2000.000 0.000 0.415 3000.000 0.000 -1.505
12 200.00 1200.00 77 988 95 0.415 2000.000 0.000 0.415 3000.000 0.000 -1.505
13 216.67 1200.00 81 985 88 0.415 2000.000 0.000 0.415 3000.000 0.000 -1.505
14 233.33 1200.00 53 1074 94 0.415 2000.000 0.000 0.415 3000.000 0.000 -1.505
15 250.00 1200.00 55 1054 102 0.415 2000.000 0.000 0.415 3000.000 0.000 -1.505
16 266.67 1200.00 50 991 86 0.415 2000.000 0.000 0.415 3000.000 0.000 -1.505
17 283.33 1200.00 57 1082 79 0.415 2000.000 0.000 0.415 3000.000 0.000 -1.505
18 300.00 1200.00 45 1017 77 0.415 2000.000 0.000 0.415 3000.000 0.000 -1.505
19 316.67 1200.00 60 1047 79 0.415 2000.000 0.000 0.415 3000.000 0.000 -1.505
20 333.33 1200.00 46 1044 73 0.415 2000.000 0.000 0.415 3000.000 0.000 -1.505
21 350.00 1200.00 41 1002 92 0.415 2000.000 0.000 0.415 3000.000 0.000 -1.505
22 366.67 1200.00 47 1010 86 0.415 2000.000 0.000 0.415 3000.000 0.000 -1.505
23 383.33 1200.00 41 1054 87 0.415 2000.000 0.000 0.415 3000.000 0.000 -1.505
24 400.00 1200.00 40 1000 102 0.415 2000.000 0.000 0.415 3000.000 0.000 -1.505
25 416.67 1200.00 45 1049 112 0.415 2000.000 0.000 0.415 3000.000 0.000 -1.505
26 433.33 1200.00 41 941 137 0.415 2000.000 0.000 0.415 3000.000 0.000 -1.505
27 450.00 1200.00 44 1008 128 0.415 2000.000 0.000 0.415 3000.000 0.000 -1.505
28 466.67 1200.00 53 1021 129 0.415 2000.000 0.000 0.415 3000.000 0.000 -1.505
29 483.33 1200.00 38 1063 127 0.415 2000.000 0.000 0.415 3000.000 0.000 -1.505
30 500.00 1200.00 45 987 141 0.415 2000.000 0.000 0.415 3000.000 0.000 -1.505
31 516.67 1200.00 38 1074 137 0.415 2000.000 0.000 0.415 3000.000 0.000 -1.505
32 533.33 1200.00 53 1079 121 0.415 2000.000 0.000 0.415 3000.000 0.000 -1.505
33 550.00 1200.00 61 969 113 0.415 2000.000 0.000 0.415 3000.000 0.000 -1.505
34 566.67 1200.00 53 1058 108 0.415 2000.000 0.000 0.415 3000.000 0.000 -1.505
35 583.33 1200.00 68 1052 103 0.415 2000.000 0.000 0.415 3000.000 0.000 -1.505
36 600.00 1200.00 67 1043 81 0.415 2000.000 0.000 0.415 3000.000 0.000 -1.505
37 616.67 1200.00 51 1075 95 0.415 2000.000 0.000 0.415 3000.000 0.000 -1.505
38 633.33 1200.00 54 1003 89 0.415 2000.000 0.000 0.415 3000.000 0.000 -1.505
39 650.00 1200.00 55 1003 75 0.415 2000.000 0.000 0.415 3000.000 0.000 -1.505
40 666.67 1200.00 51 1009 50 0.415 2000.000 0.000 0.415 3000.000 0.000 -1.505
41 683.33 1200.00 53 943 72 0.415 2000.000 0.000 0.415 3000.000 0.000 -1.505
42 700.00 1200.00 42 955 77 0.415 2000.000 0.000 0.415 3000.000 0.000 -1.505
43 716.67 1200.00 47 982 76 0.415 2000.000 0.000 0.415 3000.000 0.000 -1.505
44 733.33 1200.00 42 965 83 0.415 2000.000 0.000 0.415 3000.000 0.000 -1.505
45 750.00 1200.00 52 971 78 0.415 2000.000 0.000 0.415 3000.000 0.000 -1.505
46 766.67 1200.00 50 938 93 0.415 2000.000 0.000 0.415 3000.000 0.000 -1.505
47 783.33 1200.00 55 1022 109 0.415 2000.000 0.000 0.415 3000.000 0.000 -1.505
48 800.00 1200.00 42 973 97 0.415 2000.000 0.000 0.415 3000.000 0.000 -1.505
49 816.67 1200.00 44 1008 94 0.415 2000.000 0.000 0.415 3000.000 0.000 -1.505
50 833.34 1200.00 57 1026 107 0.415 2000.000 0.000 0.415 3000.000 0.000 -1.505
51 850.00 1200.00 49 1042 142 0.415 2000.000 0.000 0.415 3000.000 0.000 -1.505
52 866.67 1200.00 46 1009 127 0.415 2000.000 0.000 0.415 3000.000 0.000 -1.505
53 883.34 1200.00 42 1071 126 0.415 2000.000 0.000 0.415 3000.000 0.000 -1.505
54 900.00 1200.00 41 1003 128 0.415 2000.000 0.000 0.415 3000.000 0.000 -1.505
55 916.67 1200.00 48 1044 126 0.415 2000.000 0.000 0.415 3000.000 0.000 -1.505
56 933.34 1200.00 43 1075 125 0.415 2000.000 0.000 0.415 3000.000 0.000 -1.505
57 950.00 1200.00 47 1053 105 0.415 2000.000 0.000 0.415 3000.000 0.000 -1.505
58 966.67 1200.00 30 989 118 0.415 2000.000 0.000 0.415 3000.000 0.000 -1.505
59 983.34 1200.00 54 1082 108 0.415 2000.000 0.000 0.415 3000.000 0.000 -1.505
60 1000.00 1200.00 52 968 104 0.415 2000.000 0.000 0.415 3000.000 0.000 -1.505
61 1016.67 1200.00 52 1061 91 0.415 2000.000 0.000 0.415 3000.000 0.000 -1.505
62 1033.34 1200.00 47 959 97 0.415 2000.000 0.000 0.415 3000.000 0.000 -1.505
63 1050.00 1200.00 49 1036 89 0.415 2000.000 0.000 0.415 3000.000 0.000 -1.505
64 1066.67 1200.00 47 963 101 0.415 2000.000 0.000 0.415 3000.000 0.000 -1.505
65 1083.34 1200.00 30 652 72 0.415 2000.000 0.000 0.415 3000.000 0.000 -1.505
66 1100.00 1200.00 0 0 0 0.415 2000.000 0.000 0.415 3000.000 0.000 -1.505
67 1116.67 1200.00 0 0 0 0.415 2000.000 0.000 0.415 3000.000 0.000 -1.505
68 1133.34 1200.00 0 0 0 0.415 2000.000 0.000 0.415 3000.000 0.000 -1.505
69 1150.00 1200.00 0 0 0 0.415 2000.000 0.000 0.415 3000.000 0.000 -1.505
70 1166.67 1200.00 0 0 0 0.415 2000.000 0.000 0.415 3000.000 0.000 -1.505
71 1183.34 1200.00 0 0 0 0.415 2000.000 0.000 0.415 3000.000 0.000 -1.505
72 1200.00 1200.00 0 0 0 0.415 2000.000 0.000 0.415 3000.000 0.000 -1.505
73 1216.67 1200.00 0 0 0 0.415 2000.000 0.000 0.415 3000.000 0.000 -1.505
74 1233.34 1200.00 0 0 0 0.415 2000.000 0.000 0.415 3000.000 0.000 -1.505
75 1250.00 1200.00 0 0 0 0.415 2000.000 0.000 0.415 3000.000 0.000 -1.505
76 1266.67 1200.00 0 0 0 0.415 2000.000 0.000 0.415 3000.000 0.000 -1.505
77 1283.34 1200.00 0 0 0 0.415 2000.000 0.000 0.415 3000.000 0.000 -1.505
78 1300.00 1200.00 0 0 0 0.415 2000.000 0.000 0.415 3000.000 0.000 -1.505
79 1316.67 1200.00 0 0 0 0.415 2000.000 0.000 0.415 3000.000 0.000 -1.505
80 1333.34 1200.00 0 0 0 0.415 2000.000 0.000 0.415 3000.000 0.000 -1.505
81 1350.00 1200.00 0 0 0 0.415 2000.000 0.000 0.415 3000.000 0.000 -1.505
82 1366.67 1200.00 0 0 0 0.415 2000.000 0.000 0.415 3000.000 0.000 -1.505
83 1383.34 1200.00 0 0 0 0.415 2000.000 0.000 0.415 3000.000 0.000 -1.505
84 1400.00 1200.00 0 0 0 0.415 2000.000 0.000 0.415 3000.000 0.000 -1.505
85 1416.67 1200.00 0 0 0 0.415 2000.000 0.000 0.415 3000.000 0.000 -1.505
86 1433.34 1200.00 0 0 0 0.415 2000.000 0.000 0.415 3000.000 0.000 -1.505
87 1450.00 1200.00 0 0 0 0.415 2000.000 0.000 0.415 3000.000 0.000 -1.505
88 1466.67 1200.00 0 0 0 0.415 2000.000 0.000 0.415 3000.000 0.000 -1.505
89 1483.34 1200.00 0 0 0 0.415 2000.000 0.000 0.415 3000.000 0.000 -1.505
90 1500.00 1200.00 0 0 0 0.415 2000.000 0.000 0.415 3000.000 0.000 -1.505
91 1516.67 1200.00 0 0 0 0.415 2000.000 0.000 0.415 3000.000 0.000 -1.505
92 1533.34 1200.00 0 0 0 0.415 2000.000 0.000 0.415 3000.000 0.000 -1.505
93 1550.00 1200.00 0 0 0 0.415 2000.000 0.000 0.415 3000.000 0.000 -1.505
94 1566.67 1200.00 0 0 0 0.415 2000.000 0.000 0.415 3000.000 0.000 -1.505
95 1583.34 1200.00 0 0 0 0.415 2000.000 0.000 0.415 3000.000 0.000 -1.505
96 1600.00 1200.00 0 0 0 0.415 2000.000 0.000 0.415 3000.000 0.000 -1.505
97 1616.67 1200.00 0 0 0 0.415 2000.000 0.000 0.415 3000.000 0.000 -1.505
98 1633.34 1200.00 0 0 0 0.415 2000.000 0.000 0.415 3000.000 0.000 -1.505
99 1650.00 1200.00 0 0 0 0.415 2000.000 0.000 0.415 3000.000 0.000 -1.505
100 1666.67 1200.00 0 0 0 0.415 2000.000 0.000 0.415 3000.000 0.000 -1.505
101 1683.34 1200.00 0 0 0 0.415 2000.000 0.000 0.415 3000.000 0.000 -1.505
102 1700.00 1200.00 0 0 0 0.415 2000.000 0.000 0.415 3000.000 0.000 -1.505
103 1716.67 1200.00 0 0 0 0.415 2000.000 0.000 0.415 3000.000 0.000 -1.505
104 1733.34 1200.00 0 0 0 0.415 2000.000 0.000 0.415 3000.000 0.000 -1.505
105 1750.00 1200.00 0 0 0 0.415 2000.000 0.000 0.415 3000.000 0.000 -1.505
106 1766.67 1200.00 0 0 0 0.415 2000.000 0.000 0.415 3000.000 0.000 -1.505
107 1783.34 1200.00 0 0 0 0.415 2000.000 0.000 0.415 3000.000 0.000 -1.505
108 1800.00 1200.00 0 0 0 0.415 2000.000 0.000 0.415 3000.000 0.000 -1.505
109 1816.67 1200.00 0 0 0 0.415 2000.000 0.000 0.415 3000.000 0.000 -1.505
110 1833.34 1200.00 0 0 0 0.415 2000.000 0.000 0.415 3000.000 0.000 -1.505
111 1850.00 1200.00 0 0 0 0.415 2000.000 0.000 0.415 3000.000 0.000 -1.505
112 1866.67 1200.00 0 0 0 0.415 2000.000 0.000 0.415 3000.000 0.000 -1.505
113 1883.34 1200.00 0 0 0 0.415 2000.000 0.000 0.415 3000.000 0.000 -1.505
114 1900.00 1200.00 0 0 0 0.415 2000.000 0.000 0.415 3000.000 0.000 -1.505
115 1916.67 1200.00 0 0 0 0.415 2000.000 0.000 0.415 3000.000 0.000 -1.505
116 1933.34 1200.00 0 0 0 0.415 2000.000 0.000 0.415 3000.000 0.000 -1.505
117 1950.00 1200.00 0 0 0 0.415 2000.000 0.000 0.415 3000.000 0.000 -1.505
118 1966.67 1200.00 0 0 0 0.415 2000.000 0.000 0.415 3000.000 0.000 -1.505
119 1983.34 1200.00 0 0 0 0.415 2000.000 0.000 0.415 3000.000 0.000 -1.505
