# BinNR microsec tot-time (s)  O-Beam H-beam AUX Ampl1(V) f1(Hz) phase1(deg) Ampl1(V) f1(Hz) phase1(deg) chi(pos)
0 0.00 1200.00 0 0 0 0.415 2000.000 0.000 0.415 3000.000 0.000 0.648
1 16.67 1200.00 0 0 0 0.415 2000.000 0.000 0.415 3000.000 0.000 0.648
2 33.33 1200.00 0 0 0 0.415 2000.000 0.000 0.415 3000.000 0.000 0.648
3 50.00 1200.00 0 0 0 0.415 2000.000 0.000 0.415 3000.000 0.000 0.648
4 66.67 1200.00 0 0 0 0.415 2000.000 0.000 0.415 3000.000 0.000 0.648
5 83.33 1200.00 20 254 36 0.415 2000.000 0.000 0.415 3000.000 0.000 0.648
6 100.00 1200.00 57 916 115 0.415 2000.000 0.000 0.415 3000.000 0.000 0.648
7 116.67 1200.00 71 880 116 0.415 2000.000 0.000 0.415 3000.000 0.000 0.648
8 133.33 1200.00 60 887 106 0.415 2000.000 0.000 0.415 3000.000 0.000 0.648
9 150.00 1200.00 59 894 112 0.415 2000.000 0.000 0.415 3000.000 0.000 0.648
10 166.67 1200.00 76 941 134 0.415 2000.000 0.000 0.415 3000.000 0.000 0.648
11 183.33 1200.00 63 1003 124 0.415 2000.000 0.000 0.415 3000.000 0.000 0.648
12 200.00 1200.00 103 980 135 0.415 2000.000 0.000 0.415 3000.000 0.000 0.648
13 216.67 1200.00 64 988 132 0.415 2000.000 0.000 0.415 3000.000 0.000 0.648
14 233.33 1200.00 80 984 134 0.415 2000.000 0.000 0.415 3000.000 0.000 0.648
15 250.00 1200.00 100 1005 121 0.415 2000.000 0.000 0.415 3000.000 0.000 0.648
16 266.67 1200.00 74 1026 96 0.415 2000.000 0.000 0.415 3000.000 0.000 0.648
17 283.33 1200.00 66 976 99 0.415 2000.000 0.000 0.415 3000.000 0.000 0.648
18 300.00 1200.00 60 973 122 0.415 2000.000 0.000 0.415 3000.000 0.000 0.648
19 316.67 1200.00 55 1031 107 0.415 2000.000 0.000 0.415 3000.000 0.000 0.648
20 333.33 1200.00 67 1060 96 0.415 2000.000 0.000 0.415 3000.000 0.000 0.648
21 350.00 1200.00 36 1027 111 0.415 2000.000 0.000 0.415 3000.000 0.000 0.648
22 366.67 1200.00 49 970 100 0.415 2000.000 0.000 0.415 3000.000 0.000 0.648
23 383.33 1200.00 52 988 121 0.415 2000.000 0.000 0.415 3000.000 0.000 0.648
24 400.00 1200.00 50 990 134 0.415 2000.000 0.000 0.415 3000.000 0.000 0.648
25 416.67 1200.00 45 908 144 0.415 2000.000 0.000 0.415 3000.000 0.000 0.648
26 433.33 1200.00 47 1014 162 0.415 2000.000 0.000 0.415 3000.000 0.000 0.648
27 450.00 1200.00 60 996 144 0.415 2000.000 0.000 0.415 3000.000 0.000 0.648
28 466.67 1200.00 45 979 188 0.415 2000.000 0.000 0.415 3000.000 0.000 0.648
29 483.33 1200.00 55 1011 157 0.415 2000.000 0.000 0.415 3000.000 0.000 0.648
30 500.00 1200.00 74 1019 172 0.415 2000.000 0.000 0.415 3000.000 0.000 0.648
31 516.67 1200.00 53 994 187 0.415 2000.000 0.000 0.415 3000.000 0.000 0.648
32 533.33 1200.00 76 986 163 0.415 2000.000 0.000 0.415 3000.000 0.000 0.648
33 550.00 1200.00 63 984 173 0.415 2000.000 0.000 0.415 3000.000 0.000 0.648
34 566.67 1200.00 84 946 137 0.415 2000.000 0.000 0.415 3000.000 0.000 0.648
35 583.33 1200.00 70 990 132 0.415 2000.000 0.000 0.415 3000.000 0.000 0.648
36 600.00 1200.00 97 939 133 0.415 2000.000 0.000 0.415 3000.000 0.000 0.648
37 616.67 1200.00 96 951 116 0.415 2000.000 0.000 0.415 3000.000 0.000 0.648
38 633.33 1200.00 72 945 97 0.415 2000.000 0.000 0.415 3000.000 0.000 0.648
39 650.00 1200.00 70 888 103 0.415 2000.000 0.000 0.415 3000.000 0.000 0.648
40 666.67 1200.00 71 925 92 0.415 2000.000 0.000 0.415 3000.000 0.000 0.648
41 683.33 1200.00 58 885 76 0.415 2000.000 0.000 0.415 3000.000 0.000 0.648
42 700.00 1200.00 58 959 86 0.415 2000.000 0.000 0.415 3000.000 0.000 0.648
43 716.67 1200.00 44 865 91 0.415 2000.000 0.000 0.415 3000.000 0.000 0.648
44 733.33 1200.00 56 897 85 0.415 2000.000 0.000 0.415 3000.000 0.000 0.648
45 750.00 1200.00 51 915 111 0.415 2000.000 0.000 0.415 3000.000 0.000 0.648
46 766.67 1200.00 52 968 114 0.415 2000.000 0.000 0.415 3000.000 0.000 0.648
47 783.33 1200.00 42 936 120 0.415 2000.000 0.000 0.415 3000.000 0.000 0.648
48 800.00 1200.00 66 969 112 0.415 2000.000 0.000 0.415 3000.000 0.000 0.648
49 816.67 1200.00 58 981 171 0.415 2000.000 0.000 0.415 3000.000 0.000 0.648
50 833.34 1200.00 59 965 141 0.415 2000.000 0.000 0.415 3000.000 0.000 0.648
51 850.00 1200.00 52 1026 150 0.415 2000.000 0.000 0.415 3000.000 0.000 0.648
52 866.67 1200.00 61 1071 171 0.415 2000.000 0.000 0.415 3000.000 0.000 0.648
53 883.34 1200.00 48 1053 158 0.415 2000.000 0.000 0.415 3000.000 0.000 0.648
54 900.00 1200.00 58 1021 182 0.415 2000.000 0.000 0.415 3000.000 0.000 0.648
55 916.67 1200.00 59 1079 155 0.415 2000.000 0.000 0.415 3000.000 0.000 0.648
56 933.34 1200.00 59 1018 170 0.415 2000.000 0.000 0.415 3000.000 0.000 0.648
57 950.00 1200.00 41 1044 150 0.415 2000.000 0.000 0.415 3000.000 0.000 0.648
58 966.67 1200.00 56 988 154 0.415 2000.000 0.000 0.415 3000.000 0.000 0.648
59 983.34 1200.00 42 1057 127 0.415 2000.000 0.000 0.415 3000.000 0.000 0.648
60 1000.00 1200.00 60 1006 114 0.415 2000.000 0.000 0.415 3000.000 0.000 0.648
61 1016.67 1200.00 55 988 118 0.415 2000.000 0.000 0.415 3000.000 0.000 0.648
62 1033.34 1200.00 48 952 125 0.415 2000.000 0.000 0.415 3000.000 0.000 0.648
63 1050.00 1200.00 59 918 95 0.415 2000.000 0.000 0.415 3000.000 0.000 0.648
64 1066.67 1200.00 38 969 112 0.415 2000.000 0.000 0.415 3000.000 0.000 0.648
65 1083.34 1200.00 41 661 76 0.415 2000.000 0.000 0.415 3000.000 0.000 0.648
66 1100.00 1200.00 0 0 0 0.415 2000.000 0.000 0.415 3000.000 0.000 0.648
67 1116.67 1200.00 0 0 0 0.415 2000.000 0.000 0.415 3000.000 0.000 0.648
68 1133.34 1200.00 0 0 0 0.415 2000.000 0.000 0.415 3000.000 0.000 0.648
69 1150.00 1200.00 0 0 0 0.415 2000.000 0.000 0.415 3000.000 0.000 0.648
70 1166.67 1200.00 0 0 0 0.415 2000.000 0.000 0.415 3000.000 0.000 0.648
71 1183.34 1200.00 0 0 0 0.415 2000.000 0.000 0.415 3000.000 0.000 0.648
72 1200.00 1200.00 0 0 0 0.415 2000.000 0.000 0.415 3000.000 0.000 0.648
73 1216.67 1200.00 0 0 0 0.415 2000.000 0.000 0.415 3000.000 0.000 0.648
74 1233.34 1200.00 0 0 0 0.415 2000.000 0.000 0.415 3000.000 0.000 0.648
75 1250.00 1200.00 0 0 0 0.415 2000.000 0.000 0.415 3000.000 0.000 0.648
76 1266.67 1200.00 0 0 0 0.415 2000.000 0.000 0.415 3000.000 0.000 0.648
77 1283.34 1200.00 0 0 0 0.415 2000.000 0.000 0.415 3000.000 0.000 0.648
78 1300.00 1200.00 0 0 0 0.415 2000.000 0.000 0.415 3000.000 0.000 0.648
79 1316.67 1200.00 0 0 0 0.415 2000.000 0.000 0.415 3000.000 0.000 0.648
80 1333.34 1200.00 0 0 0 0.415 2000.000 0.000 0.415 3000.000 0.000 0.648
81 1350.00 1200.00 0 0 0 0.415 2000.000 0.000 0.415 3000.000 0.000 0.648
82 1366.67 1200.00 0 0 0 0.415 2000.000 0.000 0.415 3000.000 0.000 0.648
83 1383.34 1200.00 0 0 0 0.415 2000.000 0.000 0.415 3000.000 0.000 0.648
84 1400.00 1200.00 0 0 0 0.415 2000.000 0.000 0.415 3000.000 0.000 0.648
85 1416.67 1200.00 0 0 0 0.415 2000.000 0.000 0.415 3000.000 0.000 0.648
86 1433.34 1200.00 0 0 0 0.415 2000.000 0.000 0.415 3000.000 0.000 0.648
87 1450.00 1200.00 0 0 0 0.415 2000.000 0.000 0.415 3000.000 0.000 0.648
88 1466.67 1200.00 0 0 0 0.415 2000.000 0.000 0.415 3000.000 0.000 0.648
89 1483.34 1200.00 0 0 0 0.415 2000.000 0.000 0.415 3000.000 0.000 0.648
90 1500.00 1200.00 0 0 0 0.415 2000.000 0.000 0.415 3000.000 0.000 0.648
91 1516.67 1200.00 0 0 0 0.415 2000.000 0.000 0.415 3000.000 0.000 0.648
92 1533.34 1200.00 0 0 0 0.415 2000.000 0.000 0.415 3000.000 0.000 0.648
93 1550.00 1200.00 0 0 0 0.415 2000.000 0.000 0.415 3000.000 0.000 0.648
94 1566.67 1200.00 0 0 0 0.415 2000.000 0.000 0.415 3000.000 0.000 0.648
95 1583.34 1200.00 0 0 0 0.415 2000.000 0.000 0.415 3000.000 0.000 0.648
96 1600.00 1200.00 0 0 0 0.415 2000.000 0.000 0.415 3000.000 0.000 0.648
97 1616.67 1200.00 0 0 0 0.415 2000.000 0.000 0.415 3000.000 0.000 0.648
98 1633.34 1200.00 0 0 0 0.415 2000.000 0.000 0.415 3000.000 0.000 0.648
99 1650.00 1200.00 0 0 0 0.415 2000.000 0.000 0.415 3000.000 0.000 0.648
100 1666.67 1200.00 0 0 0 0.415 2000.000 0.000 0.415 3000.000 0.000 0.648
101 1683.34 1200.00 0 0 0 0.415 2000.000 0.000 0.415 3000.000 0.000 0.648
102 1700.00 1200.00 0 0 0 0.415 2000.000 0.000 0.415 3000.000 0.000 0.648
103 1716.67 1200.00 0 0 0 0.415 2000.000 0.000 0.415 3000.000 0.000 0.648
104 1733.34 1200.00 0 0 0 0.415 2000.000 0.000 0.415 3000.000 0.000 0.648
105 1750.00 1200.00 0 0 0 0.415 2000.000 0.000 0.415 3000.000 0.000 0.648
106 1766.67 1200.00 0 0 0 0.415 2000.000 0.000 0.415 3000.000 0.000 0.648
107 1783.34 1200.00 0 0 0 0.415 2000.000 0.000 0.415 3000.000 0.000 0.648
108 1800.00 1200.00 0 0 0 0.415 2000.000 0.000 0.415 3000.000 0.000 0.648
109 1816.67 1200.00 0 0 0 0.415 2000.000 0.000 0.415 3000.000 0.000 0.648
110 1833.34 1200.00 0 0 0 0.415 2000.000 0.000 0.415 3000.000 0.000 0.648
111 1850.00 1200.00 0 0 0 0.415 2000.000 0.000 0.415 3000.000 0.000 0.648
112 1866.67 1200.00 0 0 0 0.415 2000.000 0.000 0.415 3000.000 0.000 0.648
113 1883.34 1200.00 0 0 0 0.415 2000.000 0.000 0.415 3000.000 0.000 0.648
114 1900.00 1200.00 0 0 0 0.415 2000.000 0.000 0.415 3000.000 0.000 0.648
115 1916.67 1200.00 0 0 0 0.415 2000.000 0.000 0.415 3000.000 0.000 0.648
116 1933.34 1200.00 0 0 0 0.415 2000.000 0.000 0.415 3000.000 0.000 0.648
117 1950.00 1200.00 0 0 0 0.415 2000.000 0.000 0.415 3000.000 0.000 0.648
118 1966.67 1200.00 0 0 0 0.415 2000.000 0.000 0.415 3000.000 0.000 0.648
119 1983.34 1200.00 0 0 0 0.415 2000.000 0.000 0.415 3000.000 0.000 0.648
