# BinNR microsec tot-time (s)  O-Beam H-beam AUX Ampl(V) f(Hz) phase(deg) chi(pos)
0 0.00 900.00 451 496 3 0.000 3.343 2000.000 -1.362
1 25.00 900.00 481 587 1 0.000 3.343 2000.000 -1.362
2 50.00 900.00 498 681 2 0.000 3.343 2000.000 -1.362
3 75.00 900.00 485 827 2 0.000 3.343 2000.000 -1.362
4 100.00 900.00 451 756 5 0.000 3.343 2000.000 -1.362
5 125.00 900.00 340 682 6 0.000 3.343 2000.000 -1.362
6 150.00 900.00 254 594 4 0.000 3.343 2000.000 -1.362
7 175.00 900.00 119 576 2 0.000 3.343 2000.000 -1.362
8 200.00 900.00 100 544 3 0.000 3.343 2000.000 -1.362
9 225.00 900.00 150 578 0 0.000 3.343 2000.000 -1.362
10 250.00 900.00 259 679 2 0.000 3.343 2000.000 -1.362
11 275.00 900.00 313 740 1 0.000 3.343 2000.000 -1.362
12 300.00 900.00 382 777 2 0.000 3.343 2000.000 -1.362
13 325.00 900.00 350 718 5 0.000 3.343 2000.000 -1.362
14 350.00 900.00 240 583 1 0.000 3.343 2000.000 -1.362
15 375.00 900.00 158 481 0 0.000 3.343 2000.000 -1.362
16 400.00 900.00 102 418 3 0.000 3.343 2000.000 -1.362
17 425.00 900.00 123 392 2 0.000 3.343 2000.000 -1.362
18 450.00 900.00 239 464 2 0.000 3.343 2000.000 -1.362
19 475.00 900.00 351 415 3 0.000 3.343 2000.000 -1.362
20 500.00 900.00 449 505 2 0.000 3.343 2000.000 -1.362
21 525.00 900.00 455 561 3 0.000 3.343 2000.000 -1.362
22 550.00 900.00 500 753 3 0.000 3.343 2000.000 -1.362
23 575.00 900.00 471 793 1 0.000 3.343 2000.000 -1.362
24 600.00 900.00 427 752 2 0.000 3.343 2000.000 -1.362
25 625.00 900.00 365 673 5 0.000 3.343 2000.000 -1.362
26 650.00 900.00 232 607 1 0.000 3.343 2000.000 -1.362
27 675.00 900.00 115 516 2 0.000 3.343 2000.000 -1.362
28 700.00 900.00 86 518 4 0.000 3.343 2000.000 -1.362
29 725.00 900.00 138 592 0 0.000 3.343 2000.000 -1.362
30 750.00 900.00 239 692 5 0.000 3.343 2000.000 -1.362
31 775.00 900.00 374 767 0 0.000 3.343 2000.000 -1.362
32 800.00 900.00 339 768 0 0.000 3.343 2000.000 -1.362
33 825.00 900.00 300 689 2 0.000 3.343 2000.000 -1.362
34 850.00 900.00 245 602 5 0.000 3.343 2000.000 -1.362
35 875.00 900.00 162 494 3 0.000 3.343 2000.000 -1.362
36 900.00 900.00 97 416 2 0.000 3.343 2000.000 -1.362
37 925.00 900.00 121 421 5 0.000 3.343 2000.000 -1.362
38 950.00 900.00 230 418 8 0.000 3.343 2000.000 -1.362
39 975.00 900.00 362 454 1 0.000 3.343 2000.000 -1.362
