# BinNR microsec tot-time (s)  O-Beam H-beam AUX Ampl1(V) f1(Hz) phase1(deg) Ampl1(V) f1(Hz) phase1(deg) chi(pos)
0 0.00 1200.00 53 379 105 0.850 2000.000 0.000 0.850 3000.000 0.000 -0.077
1 16.67 1200.00 46 392 111 0.850 2000.000 0.000 0.850 3000.000 0.000 -0.077
2 33.33 1200.00 47 487 141 0.850 2000.000 0.000 0.850 3000.000 0.000 -0.077
3 50.00 1200.00 60 484 140 0.850 2000.000 0.000 0.850 3000.000 0.000 -0.077
4 66.67 1200.00 34 471 110 0.850 2000.000 0.000 0.850 3000.000 0.000 -0.077
5 83.33 1200.00 34 478 107 0.850 2000.000 0.000 0.850 3000.000 0.000 -0.077
6 100.00 1200.00 37 502 122 0.850 2000.000 0.000 0.850 3000.000 0.000 -0.077
7 116.67 1200.00 53 515 125 0.850 2000.000 0.000 0.850 3000.000 0.000 -0.077
8 133.33 1200.00 28 458 110 0.850 2000.000 0.000 0.850 3000.000 0.000 -0.077
9 150.00 1200.00 24 470 129 0.850 2000.000 0.000 0.850 3000.000 0.000 -0.077
10 166.67 1200.00 23 434 104 0.850 2000.000 0.000 0.850 3000.000 0.000 -0.077
11 183.33 1200.00 19 452 95 0.850 2000.000 0.000 0.850 3000.000 0.000 -0.077
12 200.00 1200.00 23 390 102 0.850 2000.000 0.000 0.850 3000.000 0.000 -0.077
13 216.67 1200.00 23 415 86 0.850 2000.000 0.000 0.850 3000.000 0.000 -0.077
14 233.33 1200.00 28 404 115 0.850 2000.000 0.000 0.850 3000.000 0.000 -0.077
15 250.00 1200.00 18 419 108 0.850 2000.000 0.000 0.850 3000.000 0.000 -0.077
16 266.67 1200.00 27 393 124 0.850 2000.000 0.000 0.850 3000.000 0.000 -0.077
17 283.33 1200.00 34 363 127 0.850 2000.000 0.000 0.850 3000.000 0.000 -0.077
18 300.00 1200.00 25 371 121 0.850 2000.000 0.000 0.850 3000.000 0.000 -0.077
19 316.67 1200.00 39 388 137 0.850 2000.000 0.000 0.850 3000.000 0.000 -0.077
20 333.33 1200.00 55 405 156 0.850 2000.000 0.000 0.850 3000.000 0.000 -0.077
21 350.00 1200.00 63 404 130 0.850 2000.000 0.000 0.850 3000.000 0.000 -0.077
22 366.67 1200.00 72 427 105 0.850 2000.000 0.000 0.850 3000.000 0.000 -0.077
23 383.33 1200.00 76 385 116 0.850 2000.000 0.000 0.850 3000.000 0.000 -0.077
24 400.00 1200.00 62 426 92 0.850 2000.000 0.000 0.850 3000.000 0.000 -0.077
25 416.67 1200.00 74 409 85 0.850 2000.000 0.000 0.850 3000.000 0.000 -0.077
26 433.33 1200.00 50 416 83 0.850 2000.000 0.000 0.850 3000.000 0.000 -0.077
27 450.00 1200.00 56 420 73 0.850 2000.000 0.000 0.850 3000.000 0.000 -0.077
28 466.67 1200.00 48 388 55 0.850 2000.000 0.000 0.850 3000.000 0.000 -0.077
29 483.33 1200.00 42 386 50 0.850 2000.000 0.000 0.850 3000.000 0.000 -0.077
30 500.00 1200.00 32 359 57 0.850 2000.000 0.000 0.850 3000.000 0.000 -0.077
31 516.67 1200.00 42 392 62 0.850 2000.000 0.000 0.850 3000.000 0.000 -0.077
32 533.33 1200.00 34 390 66 0.850 2000.000 0.000 0.850 3000.000 0.000 -0.077
33 550.00 1200.00 25 335 52 0.850 2000.000 0.000 0.850 3000.000 0.000 -0.077
34 566.67 1200.00 25 380 83 0.850 2000.000 0.000 0.850 3000.000 0.000 -0.077
35 583.33 1200.00 24 368 90 0.850 2000.000 0.000 0.850 3000.000 0.000 -0.077
36 600.00 1200.00 21 412 126 0.850 2000.000 0.000 0.850 3000.000 0.000 -0.077
37 616.67 1200.00 21 447 144 0.850 2000.000 0.000 0.850 3000.000 0.000 -0.077
38 633.33 1200.00 27 478 130 0.850 2000.000 0.000 0.850 3000.000 0.000 -0.077
39 650.00 1200.00 26 465 125 0.850 2000.000 0.000 0.850 3000.000 0.000 -0.077
40 666.67 1200.00 27 435 170 0.850 2000.000 0.000 0.850 3000.000 0.000 -0.077
41 683.33 1200.00 37 497 166 0.850 2000.000 0.000 0.850 3000.000 0.000 -0.077
42 700.00 1200.00 38 510 161 0.850 2000.000 0.000 0.850 3000.000 0.000 -0.077
43 716.67 1200.00 53 506 168 0.850 2000.000 0.000 0.850 3000.000 0.000 -0.077
44 733.33 1200.00 49 483 154 0.850 2000.000 0.000 0.850 3000.000 0.000 -0.077
45 750.00 1200.00 41 511 176 0.850 2000.000 0.000 0.850 3000.000 0.000 -0.077
46 766.67 1200.00 50 481 108 0.850 2000.000 0.000 0.850 3000.000 0.000 -0.077
47 783.33 1200.00 55 473 108 0.850 2000.000 0.000 0.850 3000.000 0.000 -0.077
48 800.00 1200.00 45 432 80 0.850 2000.000 0.000 0.850 3000.000 0.000 -0.077
49 816.67 1200.00 48 379 79 0.850 2000.000 0.000 0.850 3000.000 0.000 -0.077
50 833.34 1200.00 48 392 75 0.850 2000.000 0.000 0.850 3000.000 0.000 -0.077
51 850.00 1200.00 35 364 50 0.850 2000.000 0.000 0.850 3000.000 0.000 -0.077
52 866.67 1200.00 36 323 63 0.850 2000.000 0.000 0.850 3000.000 0.000 -0.077
53 883.34 1200.00 30 320 44 0.850 2000.000 0.000 0.850 3000.000 0.000 -0.077
54 900.00 1200.00 39 335 46 0.850 2000.000 0.000 0.850 3000.000 0.000 -0.077
55 916.67 1200.00 35 294 68 0.850 2000.000 0.000 0.850 3000.000 0.000 -0.077
56 933.34 1200.00 42 311 80 0.850 2000.000 0.000 0.850 3000.000 0.000 -0.077
57 950.00 1200.00 59 346 79 0.850 2000.000 0.000 0.850 3000.000 0.000 -0.077
58 966.67 1200.00 43 360 82 0.850 2000.000 0.000 0.850 3000.000 0.000 -0.077
59 983.34 1200.00 37 382 99 0.850 2000.000 0.000 0.850 3000.000 0.000 -0.077
60 1000.00 1200.00 58 440 106 0.850 2000.000 0.000 0.850 3000.000 0.000 -0.077
61 1016.67 1200.00 62 430 137 0.850 2000.000 0.000 0.850 3000.000 0.000 -0.077
62 1033.34 1200.00 42 438 115 0.850 2000.000 0.000 0.850 3000.000 0.000 -0.077
63 1050.00 1200.00 60 519 140 0.850 2000.000 0.000 0.850 3000.000 0.000 -0.077
64 1066.67 1200.00 42 477 130 0.850 2000.000 0.000 0.850 3000.000 0.000 -0.077
65 1083.34 1200.00 50 509 146 0.850 2000.000 0.000 0.850 3000.000 0.000 -0.077
66 1100.00 1200.00 48 491 113 0.850 2000.000 0.000 0.850 3000.000 0.000 -0.077
67 1116.67 1200.00 41 496 111 0.850 2000.000 0.000 0.850 3000.000 0.000 -0.077
68 1133.34 1200.00 30 492 122 0.850 2000.000 0.000 0.850 3000.000 0.000 -0.077
69 1150.00 1200.00 31 474 112 0.850 2000.000 0.000 0.850 3000.000 0.000 -0.077
70 1166.67 1200.00 34 465 109 0.850 2000.000 0.000 0.850 3000.000 0.000 -0.077
71 1183.34 1200.00 17 429 104 0.850 2000.000 0.000 0.850 3000.000 0.000 -0.077
72 1200.00 1200.00 19 446 114 0.850 2000.000 0.000 0.850 3000.000 0.000 -0.077
73 1216.67 1200.00 21 432 124 0.850 2000.000 0.000 0.850 3000.000 0.000 -0.077
74 1233.34 1200.00 19 393 106 0.850 2000.000 0.000 0.850 3000.000 0.000 -0.077
75 1250.00 1200.00 27 412 96 0.850 2000.000 0.000 0.850 3000.000 0.000 -0.077
76 1266.67 1200.00 15 421 124 0.850 2000.000 0.000 0.850 3000.000 0.000 -0.077
77 1283.34 1200.00 32 449 146 0.850 2000.000 0.000 0.850 3000.000 0.000 -0.077
78 1300.00 1200.00 44 390 136 0.850 2000.000 0.000 0.850 3000.000 0.000 -0.077
79 1316.67 1200.00 40 411 129 0.850 2000.000 0.000 0.850 3000.000 0.000 -0.077
80 1333.34 1200.00 47 391 146 0.850 2000.000 0.000 0.850 3000.000 0.000 -0.077
81 1350.00 1200.00 58 396 116 0.850 2000.000 0.000 0.850 3000.000 0.000 -0.077
82 1366.67 1200.00 61 384 126 0.850 2000.000 0.000 0.850 3000.000 0.000 -0.077
83 1383.34 1200.00 60 428 114 0.850 2000.000 0.000 0.850 3000.000 0.000 -0.077
84 1400.00 1200.00 59 410 110 0.850 2000.000 0.000 0.850 3000.000 0.000 -0.077
85 1416.67 1200.00 69 401 89 0.850 2000.000 0.000 0.850 3000.000 0.000 -0.077
86 1433.34 1200.00 67 424 87 0.850 2000.000 0.000 0.850 3000.000 0.000 -0.077
87 1450.00 1200.00 57 373 67 0.850 2000.000 0.000 0.850 3000.000 0.000 -0.077
88 1466.67 1200.00 57 391 63 0.850 2000.000 0.000 0.850 3000.000 0.000 -0.077
89 1483.34 1200.00 45 413 66 0.850 2000.000 0.000 0.850 3000.000 0.000 -0.077
90 1500.00 1200.00 39 354 48 0.850 2000.000 0.000 0.850 3000.000 0.000 -0.077
91 1516.67 1200.00 29 363 55 0.850 2000.000 0.000 0.850 3000.000 0.000 -0.077
92 1533.34 1200.00 25 397 51 0.850 2000.000 0.000 0.850 3000.000 0.000 -0.077
93 1550.00 1200.00 16 378 68 0.850 2000.000 0.000 0.850 3000.000 0.000 -0.077
94 1566.67 1200.00 27 357 94 0.850 2000.000 0.000 0.850 3000.000 0.000 -0.077
95 1583.34 1200.00 28 369 94 0.850 2000.000 0.000 0.850 3000.000 0.000 -0.077
96 1600.00 1200.00 20 391 122 0.850 2000.000 0.000 0.850 3000.000 0.000 -0.077
97 1616.67 1200.00 29 422 131 0.850 2000.000 0.000 0.850 3000.000 0.000 -0.077
98 1633.34 1200.00 41 466 159 0.850 2000.000 0.000 0.850 3000.000 0.000 -0.077
99 1650.00 1200.00 26 483 160 0.850 2000.000 0.000 0.850 3000.000 0.000 -0.077
100 1666.67 1200.00 40 500 182 0.850 2000.000 0.000 0.850 3000.000 0.000 -0.077
101 1683.34 1200.00 41 467 182 0.850 2000.000 0.000 0.850 3000.000 0.000 -0.077
102 1700.00 1200.00 32 503 170 0.850 2000.000 0.000 0.850 3000.000 0.000 -0.077
103 1716.67 1200.00 39 519 184 0.850 2000.000 0.000 0.850 3000.000 0.000 -0.077
104 1733.34 1200.00 46 513 179 0.850 2000.000 0.000 0.850 3000.000 0.000 -0.077
105 1750.00 1200.00 53 516 161 0.850 2000.000 0.000 0.850 3000.000 0.000 -0.077
106 1766.67 1200.00 53 442 121 0.850 2000.000 0.000 0.850 3000.000 0.000 -0.077
107 1783.34 1200.00 43 441 109 0.850 2000.000 0.000 0.850 3000.000 0.000 -0.077
108 1800.00 1200.00 40 441 94 0.850 2000.000 0.000 0.850 3000.000 0.000 -0.077
109 1816.67 1200.00 46 460 73 0.850 2000.000 0.000 0.850 3000.000 0.000 -0.077
110 1833.34 1200.00 38 382 70 0.850 2000.000 0.000 0.850 3000.000 0.000 -0.077
111 1850.00 1200.00 48 336 59 0.850 2000.000 0.000 0.850 3000.000 0.000 -0.077
112 1866.67 1200.00 40 349 69 0.850 2000.000 0.000 0.850 3000.000 0.000 -0.077
113 1883.34 1200.00 51 301 54 0.850 2000.000 0.000 0.850 3000.000 0.000 -0.077
114 1900.00 1200.00 38 310 46 0.850 2000.000 0.000 0.850 3000.000 0.000 -0.077
115 1916.67 1200.00 35 297 65 0.850 2000.000 0.000 0.850 3000.000 0.000 -0.077
116 1933.34 1200.00 38 299 60 0.850 2000.000 0.000 0.850 3000.000 0.000 -0.077
117 1950.00 1200.00 51 365 74 0.850 2000.000 0.000 0.850 3000.000 0.000 -0.077
118 1966.67 1200.00 50 336 88 0.850 2000.000 0.000 0.850 3000.000 0.000 -0.077
119 1983.34 1200.00 49 334 100 0.850 2000.000 0.000 0.850 3000.000 0.000 -0.077
