# BinNR ps_pos tot-time (s)  O-Beam H-Beam AUX Amplitude(func. gen.)
-2.109375 20.0 1128 6874 3 2286 3794668927 8002 0.000000 0.000000 2.250000
-1.900635 20.0 1280 7016 1 2338 3794668953 8296 0.000000 0.000000 2.250000
-1.680908 20.0 1237 6851 4 2504 3794668979 8088 0.000000 0.000000 2.250000
-1.472168 20.0 1305 6758 3 2395 3794669005 8063 0.000000 0.000000 2.250000
-1.263428 20.0 1303 6703 3 2462 3794669032 8006 0.000000 0.000000 2.250000
-1.054688 20.0 1272 6743 4 2415 3794669058 8015 0.000000 0.000000 2.250000
-0.834961 20.0 1159 6835 6 2302 3794669084 7994 0.000000 0.000000 2.250000
-0.626221 20.0 1223 7058 4 2260 3794669110 8281 0.000000 0.000000 2.250000
-0.417480 20.0 1214 7121 9 2229 3794669137 8335 0.000000 0.000000 2.250000
-0.208740 20.0 1212 7200 4 2197 3794669163 8412 0.000000 0.000000 2.250000
0.010986 20.0 1204 7014 2 2214 3794669189 8218 0.000000 0.000000 2.250000
0.208740 20.0 1238 6952 2 2312 3794669216 8190 0.000000 0.000000 2.250000
0.417480 20.0 1274 6730 3 2417 3794669242 8004 0.000000 0.000000 2.250000
0.626221 20.0 1359 6660 5 2434 3794669268 8019 0.000000 0.000000 2.250000
0.834961 20.0 1377 6798 10 2421 3794669294 8175 0.000000 0.000000 2.250000
1.054688 20.0 1228 6879 2 2362 3794669321 8107 0.000000 0.000000 2.250000
1.263428 20.0 1214 6844 7 2359 3794669347 8058 0.000000 0.000000 2.250000
1.461182 20.0 1225 7126 6 2251 3794669373 8351 0.000000 0.000000 2.250000
1.669922 20.0 1131 7198 4 2186 3794669399 8329 0.000000 0.000000 2.250000
1.889648 20.0 1196 7074 4 2258 3794669425 8270 0.000000 0.000000 2.250000
2.087402 20.0 1193 7028 1 2265 3794669452 8221 0.000000 0.000000 2.250000
2.296143 20.0 1273 6824 2 2400 3794669478 8097 0.000000 0.000000 2.250000
