# BinNR microsec tot-time (s)  O-Beam AUX Ampl(V) f(Hz) phase(deg) chi(pos)
0 0.00 1500.00 169 559 0.510 10000.000 0.000 -0.670
1 3.00 1500.00 418 1287 0.510 10000.000 0.000 -0.670
2 6.00 1500.00 403 1247 0.510 10000.000 0.000 -0.670
3 9.00 1500.00 390 1215 0.510 10000.000 0.000 -0.670
4 12.00 1500.00 382 1225 0.510 10000.000 0.000 -0.670
5 15.00 1500.00 412 1298 0.510 10000.000 0.000 -0.670
6 18.00 1500.00 394 1289 0.510 10000.000 0.000 -0.670
7 21.00 1500.00 429 1251 0.510 10000.000 0.000 -0.670
8 24.00 1500.00 415 1323 0.510 10000.000 0.000 -0.670
9 27.00 1500.00 401 1277 0.510 10000.000 0.000 -0.670
10 30.00 1500.00 436 1355 0.510 10000.000 0.000 -0.670
11 33.00 1500.00 420 1298 0.510 10000.000 0.000 -0.670
12 36.00 1500.00 423 1225 0.510 10000.000 0.000 -0.670
13 39.00 1500.00 437 1301 0.510 10000.000 0.000 -0.670
14 42.00 1500.00 449 1289 0.510 10000.000 0.000 -0.670
15 45.00 1500.00 441 1317 0.510 10000.000 0.000 -0.670
16 48.00 1500.00 420 1270 0.510 10000.000 0.000 -0.670
17 51.00 1500.00 419 1285 0.510 10000.000 0.000 -0.670
18 54.00 1500.00 413 1284 0.510 10000.000 0.000 -0.670
19 57.00 1500.00 435 1211 0.510 10000.000 0.000 -0.670
20 60.00 1500.00 423 1352 0.510 10000.000 0.000 -0.670
21 63.00 1500.00 380 1317 0.510 10000.000 0.000 -0.670
22 66.00 1500.00 429 1337 0.510 10000.000 0.000 -0.670
23 69.00 1500.00 411 1314 0.510 10000.000 0.000 -0.670
24 72.00 1500.00 430 1319 0.510 10000.000 0.000 -0.670
25 75.00 1500.00 423 1232 0.510 10000.000 0.000 -0.670
26 78.00 1500.00 423 1261 0.510 10000.000 0.000 -0.670
27 81.00 1500.00 392 1266 0.510 10000.000 0.000 -0.670
28 84.00 1500.00 377 1213 0.510 10000.000 0.000 -0.670
29 87.00 1500.00 389 1208 0.510 10000.000 0.000 -0.670
30 90.00 1500.00 367 1267 0.510 10000.000 0.000 -0.670
31 93.00 1500.00 412 1147 0.510 10000.000 0.000 -0.670
32 96.00 1500.00 389 1230 0.510 10000.000 0.000 -0.670
33 99.00 1500.00 377 1247 0.510 10000.000 0.000 -0.670
34 102.00 1500.00 413 1214 0.510 10000.000 0.000 -0.670
35 105.00 1500.00 412 1273 0.510 10000.000 0.000 -0.670
36 108.00 1500.00 387 1256 0.510 10000.000 0.000 -0.670
37 111.00 1500.00 396 1260 0.510 10000.000 0.000 -0.670
38 114.00 1500.00 390 1335 0.510 10000.000 0.000 -0.670
39 117.00 1500.00 392 1287 0.510 10000.000 0.000 -0.670
40 120.00 1500.00 437 1290 0.510 10000.000 0.000 -0.670
41 123.00 1500.00 403 1273 0.510 10000.000 0.000 -0.670
42 126.00 1500.00 429 1270 0.510 10000.000 0.000 -0.670
43 129.00 1500.00 408 1266 0.510 10000.000 0.000 -0.670
44 132.00 1500.00 436 1348 0.510 10000.000 0.000 -0.670
45 135.00 1500.00 405 1265 0.510 10000.000 0.000 -0.670
46 138.00 1500.00 436 1330 0.510 10000.000 0.000 -0.670
47 141.00 1500.00 409 1277 0.510 10000.000 0.000 -0.670
48 144.00 1500.00 449 1345 0.510 10000.000 0.000 -0.670
49 147.00 1500.00 400 1281 0.510 10000.000 0.000 -0.670
50 150.00 1500.00 437 1380 0.510 10000.000 0.000 -0.670
51 153.00 1500.00 408 1282 0.510 10000.000 0.000 -0.670
52 156.00 1500.00 438 1260 0.510 10000.000 0.000 -0.670
53 159.00 1500.00 431 1260 0.510 10000.000 0.000 -0.670
54 162.00 1500.00 424 1251 0.510 10000.000 0.000 -0.670
55 165.00 1500.00 408 1248 0.510 10000.000 0.000 -0.670
56 168.00 1500.00 389 1305 0.510 10000.000 0.000 -0.670
57 171.00 1500.00 408 1322 0.510 10000.000 0.000 -0.670
58 174.00 1500.00 444 1299 0.510 10000.000 0.000 -0.670
59 177.00 1500.00 369 1313 0.510 10000.000 0.000 -0.670
60 180.00 1500.00 385 1277 0.510 10000.000 0.000 -0.670
61 183.00 1500.00 378 1233 0.510 10000.000 0.000 -0.670
62 186.00 1500.00 389 1163 0.510 10000.000 0.000 -0.670
63 189.00 1500.00 379 1212 0.510 10000.000 0.000 -0.670
64 192.00 1500.00 415 1281 0.510 10000.000 0.000 -0.670
65 195.00 1500.00 382 1253 0.510 10000.000 0.000 -0.670
66 198.00 1500.00 445 1240 0.510 10000.000 0.000 -0.670
67 201.00 1500.00 408 1277 0.510 10000.000 0.000 -0.670
68 204.00 1500.00 402 1253 0.510 10000.000 0.000 -0.670
69 207.00 1500.00 389 1238 0.510 10000.000 0.000 -0.670
70 210.00 1500.00 387 1235 0.510 10000.000 0.000 -0.670
71 213.00 1500.00 410 1243 0.510 10000.000 0.000 -0.670
72 216.00 1500.00 410 1304 0.510 10000.000 0.000 -0.670
73 219.00 1500.00 402 1257 0.510 10000.000 0.000 -0.670
74 222.00 1500.00 457 1247 0.510 10000.000 0.000 -0.670
75 225.00 1500.00 387 1308 0.510 10000.000 0.000 -0.670
76 228.00 1500.00 408 1301 0.510 10000.000 0.000 -0.670
77 231.00 1500.00 406 1243 0.510 10000.000 0.000 -0.670
78 234.00 1500.00 417 1262 0.510 10000.000 0.000 -0.670
79 237.00 1500.00 409 1272 0.510 10000.000 0.000 -0.670
80 240.00 1500.00 467 1307 0.510 10000.000 0.000 -0.670
81 243.00 1500.00 433 1266 0.510 10000.000 0.000 -0.670
82 246.00 1500.00 476 1294 0.510 10000.000 0.000 -0.670
83 249.00 1500.00 431 1320 0.510 10000.000 0.000 -0.670
84 252.00 1500.00 448 1267 0.510 10000.000 0.000 -0.670
85 255.00 1500.00 397 1283 0.510 10000.000 0.000 -0.670
86 258.00 1500.00 410 1358 0.510 10000.000 0.000 -0.670
87 261.00 1500.00 427 1338 0.510 10000.000 0.000 -0.670
88 264.00 1500.00 437 1307 0.510 10000.000 0.000 -0.670
89 267.00 1500.00 416 1306 0.510 10000.000 0.000 -0.670
90 270.00 1500.00 389 1346 0.510 10000.000 0.000 -0.670
91 273.00 1500.00 422 1271 0.510 10000.000 0.000 -0.670
92 276.00 1500.00 390 1258 0.510 10000.000 0.000 -0.670
93 279.00 1500.00 369 1301 0.510 10000.000 0.000 -0.670
94 282.00 1500.00 436 1232 0.510 10000.000 0.000 -0.670
95 285.00 1500.00 368 1218 0.510 10000.000 0.000 -0.670
96 288.00 1500.00 386 1273 0.510 10000.000 0.000 -0.670
97 291.00 1500.00 352 1202 0.510 10000.000 0.000 -0.670
98 294.00 1500.00 414 1239 0.510 10000.000 0.000 -0.670
99 297.00 1500.00 386 1165 0.510 10000.000 0.000 -0.670
100 300.00 1500.00 405 1219 0.510 10000.000 0.000 -0.670
101 303.00 1500.00 404 1166 0.510 10000.000 0.000 -0.670
102 306.00 1500.00 377 1242 0.510 10000.000 0.000 -0.670
103 309.00 1500.00 376 1329 0.510 10000.000 0.000 -0.670
104 312.00 1500.00 394 1268 0.510 10000.000 0.000 -0.670
105 315.00 1500.00 440 1277 0.510 10000.000 0.000 -0.670
106 318.00 1500.00 385 1314 0.510 10000.000 0.000 -0.670
107 321.00 1500.00 425 1240 0.510 10000.000 0.000 -0.670
108 324.00 1500.00 409 1306 0.510 10000.000 0.000 -0.670
109 327.00 1500.00 420 1308 0.510 10000.000 0.000 -0.670
110 330.00 1500.00 392 1243 0.510 10000.000 0.000 -0.670
111 333.00 1500.00 422 1326 0.510 10000.000 0.000 -0.670
112 336.00 1500.00 408 1337 0.510 10000.000 0.000 -0.670
113 339.00 1500.00 428 1247 0.510 10000.000 0.000 -0.670
114 342.00 1500.00 419 1290 0.510 10000.000 0.000 -0.670
115 345.00 1500.00 424 1252 0.510 10000.000 0.000 -0.670
116 348.00 1500.00 438 1330 0.510 10000.000 0.000 -0.670
117 351.00 1500.00 426 1317 0.510 10000.000 0.000 -0.670
118 354.00 1500.00 452 1309 0.510 10000.000 0.000 -0.670
119 357.00 1500.00 424 1260 0.510 10000.000 0.000 -0.670
120 360.00 1500.00 450 1293 0.510 10000.000 0.000 -0.670
121 363.00 1500.00 419 1282 0.510 10000.000 0.000 -0.670
122 366.00 1500.00 414 1276 0.510 10000.000 0.000 -0.670
123 369.00 1500.00 395 1205 0.510 10000.000 0.000 -0.670
124 372.00 1500.00 411 1356 0.510 10000.000 0.000 -0.670
125 375.00 1500.00 410 1256 0.510 10000.000 0.000 -0.670
126 378.00 1500.00 420 1266 0.510 10000.000 0.000 -0.670
127 381.00 1500.00 406 1269 0.510 10000.000 0.000 -0.670
128 384.00 1500.00 425 1235 0.510 10000.000 0.000 -0.670
129 387.00 1500.00 425 1234 0.510 10000.000 0.000 -0.670
130 390.00 1500.00 401 1219 0.510 10000.000 0.000 -0.670
131 393.00 1500.00 401 1285 0.510 10000.000 0.000 -0.670
132 396.00 1500.00 383 1239 0.510 10000.000 0.000 -0.670
133 399.00 1500.00 392 1248 0.510 10000.000 0.000 -0.670
134 402.00 1500.00 380 1286 0.510 10000.000 0.000 -0.670
